# ContigOrdering file.  This file represents a ContigOrdering object, which describes an ordering of contigs within a Proximo cluster.
# See ContigOrdering.h for more documentation.
#
# Important numbers:
#	N_contigs	1795	(Number of contigs in the input cluster)
#	N_contigs_used	1795	(Number of contigs ordered by this ordering)
#	has_Q_scores	1	(Boolean: has orientation quality scores?)
#	has_gaps	0	(Boolean: have gap sizes between contigs been estimated?)
#
# Columns:
#contig_ID(local)	contig_name	contig_rc	orientation_Q_score	gap_size_after_contig
368	484699	0	0.141702	.
1134	2429541	1	8.84954	.
1135	2429542	1	9.67805	.
1181	2861220	0	2.07904	.
397	487151	0	6.2182	.
1306	3881274	1	9.81369	.
1308	3881279	0	0.455088	.
1461	6457915	1	3.10476	.
1460	6455955	1	1.8885	.
1462	6458009	0	11.0038	.
1459	6455861	0	14.2787	.
690	512265	0	137.126	.
386	486369	0	215.768	.
237	445554	1	7.53295	.
415	491558	0	0.971118	.
355	483321	1	75.0614	.
872	521527	0	3.36442	.
1326	4265334	1	16.5147	.
1721	7166088	1	9.46054	.
1720	7165918	1	4.39472	.
1719	7165914	0	6.30434	.
1722	7166092	0	11.5284	.
27	831	1	34.2939	.
450	496709	0	11.0591	.
1468	6470271	0	7.41093	.
1483	6520393	0	11.2122	.
1469	6470309	0	3.63671	.
100	283872	1	12.8381	.
700	512937	1	43.0578	.
1678	7121719	0	96.1672	.
1677	7121715	0	9.55261	.
6	428	0	2.89464	.
441	495988	0	7.85445	.
501	501751	1	82.3507	.
555	505661	0	31.0533	.
1003	1244805	0	11.1891	.
34	932	0	228.628	.
249	446008	1	150.932	.
337	482063	1	4.04746	.
1002	1244803	1	17.935	.
134	335385	0	5.76755	.
1421	6245280	0	45.5757	.
1423	6252966	1	28.8716	.
1422	6252965	1	40.3387	.
1420	6245279	0	54.1672	.
1245	3251141	0	1.91873	.
1056	1727475	0	1.39462	.
1055	1727416	1	7.67909	.
563	505957	0	27.2576	.
340	482370	0	57.7151	.
322	477796	0	83.5196	.
253	446222	1	26.0039	.
65	1353	1	100.074	.
1675	7120678	0	7.55237	.
1676	7120679	0	8.72786	.
1577	6871067	1	1.56616	.
1571	6860303	0	2.23774	.
1576	6871066	1	1.41711	.
728	514131	0	67.9761	.
545	505123	1	312.016	.
840	519973	0	10.7541	.
487	500464	0	36.5741	.
245	445903	0	39.7651	.
1394	6001705	1	42.8695	.
1393	6001704	1	19.5377	.
842	520002	0	49.3197	.
1339	4481626	1	2.67141	.
1117	2214684	1	8.66832	.
1340	4481657	1	18.5188	.
1294	3765496	0	14.6241	.
420	492215	1	21.322	.
1295	3765530	0	52.3603	.
274	463458	1	36.2313	.
804	518578	1	3.21522	.
1190	2909550	1	6.18363	.
1183	2866662	1	2.06752	.
1184	2866743	1	1.9099	.
462	497967	1	1.01792	.
861	521007	0	24.0569	.
62	1305	0	238.755	.
562	505955	0	10.4923	.
647	510100	0	42.5164	.
988	1138559	1	8.05671	.
989	1138612	0	0.063432	.
69	1559	0	0	.
1290	3745264	1	6.51296	.
1288	3745242	1	6.37091	.
1291	3745279	0	14.5876	.
718	513701	0	15.8835	.
1289	3745257	0	102.277	.
763	516633	1	23.5473	.
1626	7018376	0	5.40953	.
1622	7009234	0	7.89042	.
1623	7009235	0	3.72112	.
1625	7018374	0	4.65448	.
1562	6837337	0	4.28784	.
1536	6769844	0	2.79159	.
1561	6837068	1	9.10563	.
1537	6770113	1	11.8755	.
777	517170	1	1317.42	.
743	515131	0	1525.95	.
1746	7189752	1	0.00289577	.
1352	4622482	1	3.72249	.
1327	4265356	1	14.0172	.
1353	4622504	0	23.38	.
15	504	0	287.945	.
430	493898	0	57.7923	.
507	502155	1	5.47075	.
84	223278	0	4.06847	.
264	449566	0	136.083	.
1717	7165470	0	8.60742	.
1718	7165471	0	33.352	.
1716	7165464	0	47.8785	.
1157	2732018	0	0	.
1657	7101609	1	54.7015	.
1658	7101731	1	9.19998	.
584	506911	1	107.292	.
178	435186	0	7.72066	.
544	504950	1	133.853	.
81	200848	0	34.6019	.
902	607088	1	80.3991	.
901	607046	1	68.3042	.
201	440830	1	1.16796	.
231	444106	0	50.6459	.
233	444158	1	173.982	.
674	511611	0	169.51	.
737	514571	1	87.4183	.
960	917659	0	1.41838	.
962	917661	0	6.18554	.
961	917660	1	24.1477	.
959	917658	1	23.186	.
778	517179	1	27.5045	.
184	437869	0	10.1902	.
1395	6015358	1	6.61602	.
1396	6015359	0	10.0195	.
228	443787	1	44.7234	.
334	481835	0	113.003	.
384	486351	0	137.47	.
244	445885	1	8.02011	.
1206	3003279	0	2.04823	.
1094	2045305	0	0.153694	.
1092	2045290	1	0.28725	.
1755	7207465	0	4.1202	.
936	817818	0	4.19231	.
1674	7118904	1	3.30849	.
1743	7171518	1	123.761	.
1745	7171840	1	17.1445	.
1742	7171510	0	25.0059	.
1740	7171173	1	31.2399	.
1741	7171175	0	130.164	.
1739	7171172	0	88.2955	.
370	485172	1	0.248559	.
879	521971	0	39.6873	.
0	137	0	84.7384	.
1010	1277426	0	0.10637	.
76	1735	1	1697.46	.
19	652	1	1861.04	.
1351	4545052	1	1.78257	.
172	433020	1	0.001817	.
1211	3011714	0	3.70977	.
550	505431	1	32.6855	.
454	497522	0	3.93327	.
758	516121	0	17.0543	.
981	1096383	1	19.283	.
1305	3881272	1	61.3501	.
1307	3881277	1	38.3636	.
1182	2861223	0	32.6064	.
1180	2861218	0	56.093	.
980	1096382	1	10.5273	.
1325	4262435	1	0.00601187	.
13	494	0	406.937	.
102	284167	1	1.53686	.
1165	2744464	1	9.70442	.
1187	2882125	0	9.17875	.
1639	7063084	0	13.906	.
1640	7063085	0	4.91425	.
632	509151	1	0.606659	.
14	502	1	395.188	.
463	498171	0	92.8408	.
197	439896	0	45.0105	.
625	508726	0	14.1621	.
787	517663	0	53.7885	.
918	675376	1	4.65623	.
919	675377	1	4.66737	.
1599	6920376	0	0.282758	.
1600	6920377	1	1.9656	.
1598	6918759	1	2.91286	.
1597	6918758	1	1.91443	.
768	516758	1	113.963	.
417	492039	1	16.3778	.
1080	1981318	1	0.0209224	.
1078	1981274	0	0.212994	.
1083	1981350	0	0.373079	.
1082	1981344	1	0.0544388	.
60	1274	1	169.687	.
373	485578	1	9.52606	.
491	500535	1	6.79224	.
1085	1981394	0	0.00272876	.
12	478	0	22.5237	.
1697	7140593	0	9.95224	.
1695	7139766	0	7.41558	.
1696	7139767	1	1.00566	.
920	675382	0	0	.
1769	7218002	1	3.19234	.
1766	7217592	1	1.98774	.
1768	7217990	1	1.03337	.
1767	7217604	1	0.58015	.
485	500319	0	57.8851	.
158	376192	0	21.9727	.
1240	3157047	1	3.47844	.
1304	3855309	1	4.92302	.
1239	3157046	0	0.522491	.
478	499733	0	24.5844	.
767	516728	1	47.4562	.
136	335433	0	0	.
894	570813	0	0.824805	.
893	570812	0	5.32404	.
599	507458	0	17.4501	.
154	371396	0	6.22407	.
602	507581	0	5.02336	.
257	446304	0	1.62157	.
1617	6994037	1	8.15269	.
1575	6864268	1	9.64934	.
1621	6994100	0	8.25828	.
262	447847	1	1.43214	.
1574	6864227	0	19.4844	.
621	508470	0	102.648	.
601	507499	1	130.445	.
1618	6994039	1	0.401473	.
1572	6864207	0	0.928892	.
1619	6994041	1	9.53755	.
68	1553	0	36.6481	.
96	283183	1	6.0384	.
694	512518	0	52.3772	.
577	506526	1	19.7664	.
302	470039	0	46.2739	.
275	463480	0	70.475	.
871	521369	1	96.637	.
260	446694	1	23.6505	.
744	515148	1	29.8154	.
191	438803	0	27.9728	.
707	513338	0	28.8527	.
1176	2826092	0	12.7507	.
1177	2826093	0	2.72358	.
42	1004	0	14.7107	.
1700	7151250	1	7.98622	.
1158	2736863	1	10.5023	.
90	275357	1	23.3267	.
173	433103	0	140.786	.
164	377599	1	0.253075	.
1350	4541931	1	1.69864	.
1149	2546215	0	16.0352	.
1148	2546190	0	3.81359	.
1349	4541910	0	22.1624	.
471	498530	1	25.0778	.
1231	3153108	0	5.03527	.
1464	6469636	0	17.3708	.
1232	3153109	1	12.5549	.
1465	6469637	1	3.57913	.
943	866323	1	1.02781	.
944	866339	0	0.775017	.
1238	3155521	1	7.78567	.
756	516036	1	1.87732	.
263	448099	1	54.5856	.
349	483035	1	6.94069	.
770	516992	0	22.8469	.
903	611836	0	1.86191	.
1345	4481869	1	6.6857	.
1200	2995797	1	7.95617	.
1342	4481858	0	0.969847	.
1203	2995809	0	2.823	.
20	659	1	392.689	.
35	951	1	454.613	.
686	512107	1	2.15454	.
1153	2716440	1	0.708134	.
1221	3107051	1	26.9677	.
440	495944	0	40.4746	.
1442	6345046	0	0.815246	.
1439	6344832	0	2.65721	.
788	517695	0	0	.
823	519386	0	22.3134	.
576	506520	1	76.6896	.
1371	5039604	0	0.138373	.
1030	1504266	1	23.8949	.
1033	1504269	1	21.2825	.
1032	1504268	0	13.777	.
1029	1504265	0	10.9221	.
118	291936	0	0.588893	.
309	470672	0	15.8328	.
1073	1928224	1	0.802613	.
268	461649	1	6.52457	.
85	228334	1	15.1034	.
354	483272	1	8.08875	.
1759	7210853	0	129.727	.
1756	7210839	0	125.969	.
1758	7210852	0	272.539	.
1757	7210840	0	270.092	.
147	364261	0	1.12456	.
357	483485	0	29.8016	.
287	466168	1	45.882	.
226	443598	0	0.599034	.
698	512819	0	148.621	.
600	507493	1	24.2566	.
922	683450	1	21.5745	.
923	683451	1	5.70018	.
1072	1897127	0	0.171368	.
675	511656	0	37.456	.
376	486005	1	26.1219	.
365	484239	1	44.1875	.
152	366562	0	13.6967	.
1754	7206196	0	1.0917	.
1160	2736899	1	11.2057	.
127	317195	1	8.19207	.
135	335414	0	282.569	.
663	510881	1	496.875	.
1368	4941987	0	0.0132971	.
824	519423	0	2808.94	.
826	519463	1	2772.75	.
1463	6464684	1	0.989562	.
398	487174	1	34.5504	.
736	514552	0	7.26201	.
1620	6994059	1	4.88638	.
904	611837	0	1.19813	.
190	438612	1	49.7178	.
117	291688	0	84.6459	.
889	523821	1	11.8917	.
1279	3663430	1	1.76814	.
473	498816	0	138.378	.
1438	6340709	1	84.077	.
1437	6340708	0	6.16454	.
1280	3663435	0	0	.
692	512395	0	0	.
619	508371	0	45.6515	.
488	500469	0	31.1236	.
865	521121	0	10.9003	.
1362	4837251	1	13.1593	.
895	573691	1	1.69402	.
834	519769	0	13.3263	.
1213	3026719	1	2.58442	.
1214	3026748	1	1.63524	.
1293	3748204	1	1.41032	.
1292	3748176	0	0	.
808	518826	0	34.3393	.
536	504258	1	1.73502	.
650	510254	0	16.2014	.
1360	4691634	1	5.6578	.
1364	4847652	0	1.77823	.
1365	4847666	0	2.9418	.
1359	4691619	0	3.90334	.
1363	4847650	1	0.812281	.
1436	6335261	0	125.028	.
1433	6335258	0	126.799	.
1434	6335259	0	86.5086	.
1435	6335260	0	115.764	.
668	511225	1	16.8229	.
1079	1981280	1	0.16549	.
1084	1981388	1	0.357582	.
1276	3656363	0	3.44385	.
251	446077	0	47.6806	.
459	497882	0	92.4228	.
369	484780	1	2.70743	.
66	1395	1	0.0137376	.
534	504194	1	0.00409476	.
214	441609	0	0	.
330	480911	0	0	.
689	512258	1	40.4052	.
856	520751	1	14.1249	.
1751	7191473	0	5.86264	.
1161	2736902	0	0	.
1101	2116284	0	0	.
1489	6546123	0	0.00496434	.
10	441	1	0.0419328	.
1724	7167628	0	19.1809	.
1723	7167627	1	23.497	.
880	522159	0	147.948	.
346	482841	0	137.055	.
1765	7217485	0	0.357357	.
1671	7102655	0	24.2106	.
1670	7102651	1	18.1358	.
1669	7102586	0	84.5608	.
1668	7102521	1	93.1132	.
1665	7102518	1	21.0919	.
681	511972	0	85.4577	.
727	514107	0	48.7845	.
46	1067	1	25.9271	.
1046	1671130	1	1.16569	.
477	499630	1	1.50741	.
104	284538	0	92.2731	.
166	378067	1	120.078	.
1521	6717082	1	8.9167	.
1524	6717375	1	11.88	.
1523	6717372	1	9.85398	.
1522	6717083	1	11.1507	.
1357	4670733	1	3.68566	.
1356	4657424	0	3.68742	.
1490	6550239	0	7.53844	.
672	511576	0	0.859694	.
1488	6543255	1	15.2736	.
1634	7051484	0	0	.
623	508548	0	58.5234	.
141	335536	0	3.17362	.
890	536569	1	1.79025	.
969	949412	0	0.515824	.
74	1608	1	4.35044	.
970	949413	0	1.28263	.
1727	7169357	0	19.0561	.
82	205694	1	1.94336	.
1729	7169359	0	7.58466	.
1726	7169356	0	33.9697	.
1373	5160718	0	1.82023	.
1382	5534733	0	39.463	.
203	441003	0	2.6427	.
1372	5160706	1	13.9501	.
110	285443	1	0.434304	.
859	520925	0	188.908	.
1782	7356949	1	2.46026	.
1779	7352057	1	15.702	.
1780	7352061	0	3.20472	.
1781	7356945	0	12.0603	.
227	443677	1	293	.
250	446032	1	378.355	.
864	521041	0	344.756	.
419	492195	1	209.265	.
597	507397	1	163.882	.
222	443213	0	58.3763	.
1557	6830399	1	32.3769	.
1559	6830634	1	9.35123	.
451	496955	1	69.677	.
799	518217	1	54.7961	.
739	514654	1	1.37259	.
1028	1504262	1	17.8994	.
1031	1504267	1	18.5691	.
817	519059	1	528.952	.
774	517080	0	104.37	.
128	320160	0	12.7477	.
1545	6806388	1	11.8676	.
827	519531	0	90.6439	.
633	509195	1	307.356	.
732	514328	0	29.5822	.
677	511768	0	20.0776	.
1378	5413197	0	17.9313	.
1385	5805958	0	15.7492	.
1377	5413190	1	5.30088	.
1386	5805965	1	15.1294	.
696	512730	0	4.89319	.
1266	3553672	0	22.7842	.
1246	3281850	0	23.2197	.
1249	3281867	1	3.7425	.
818	519070	1	26.1282	.
282	464813	0	3.01907	.
850	520451	1	213.025	.
506	502065	1	31.9662	.
1248	3281864	0	3.544	.
1265	3553661	1	17.8837	.
1264	3553658	0	36.2379	.
189	438380	0	4.76753	.
653	510373	0	129.448	.
1527	6717928	1	19.0944	.
1450	6370239	1	0.790558	.
1449	6370238	0	11.7745	.
1528	6717929	0	10.2193	.
439	495907	1	9.91631	.
317	474700	1	2.46293	.
755	515845	0	69.9165	.
636	509318	0	157.237	.
1585	6876617	0	3.07855	.
1584	6876616	0	4.17143	.
269	462372	1	36.677	.
181	436999	1	43.8432	.
185	438146	1	34.7615	.
176	434849	0	21.0121	.
25	749	1	12.2269	.
1388	5856034	0	0	.
1515	6700056	0	10.1191	.
1516	6700059	1	0.903441	.
504	501957	0	5.18443	.
193	439308	0	144.893	.
775	517138	0	137.994	.
103	284200	1	18.691	.
1104	2141903	0	0	.
1361	4837230	1	18.9876	.
688	512241	1	3.92934	.
429	493894	0	35.044	.
280	464701	0	20.7915	.
1573	6864209	0	1.72584	.
726	514056	0	0	.
407	490685	0	120.497	.
813	518965	0	100.668	.
1705	7153700	0	6.28737	.
1704	7153592	0	5.33724	.
1701	7153468	0	29.4156	.
1703	7153471	0	43.0115	.
1702	7153469	0	11.5741	.
92	276415	1	6.2505	.
720	513803	1	11.1245	.
1580	6875111	0	3.71592	.
1592	6883687	1	1.75983	.
1569	6845788	0	5.11994	.
1570	6845789	0	41.946	.
735	514520	0	139.817	.
517	502958	1	17.4161	.
771	517031	1	93.1075	.
1296	3768560	0	0.854696	.
1102	2141892	1	0.00241076	.
63	1323	0	123.395	.
32	900	1	1628.17	.
1230	3145503	0	0.699024	.
1219	3052842	0	1.09289	.
973	1058437	0	0	.
993	1172345	1	14.5465	.
310	471185	1	111.036	.
699	512825	1	357.834	.
927	767633	1	0.583318	.
1062	1763135	0	0.274218	.
1058	1739465	0	0.388584	.
1061	1763117	0	4.91225	.
1059	1739483	1	1.53559	.
1109	2166653	1	13.5048	.
612	507975	1	28.9968	.
232	444148	1	29.6547	.
236	445544	1	9.01107	.
186	438171	1	7.76277	.
180	436318	0	47.8139	.
682	511986	0	210.273	.
626	508735	1	157.107	.
546	505136	0	44.3651	.
1278	3658913	1	4.60302	.
1277	3658912	1	56.8195	.
75	1637	0	53.718	.
483	500296	0	3.0914	.
1355	4638809	1	2.00756	.
1354	4638800	1	3.26972	.
1681	7129534	0	6.28837	.
497	500798	1	9.16496	.
56	1231	1	402.31	.
1624	7010507	1	53.7637	.
221	442974	1	11.1036	.
324	478293	1	3.74215	.
1285	3710050	0	6.37718	.
533	504151	0	12.1228	.
125	302537	0	11.042	.
847	520264	1	5.43239	.
122	293885	1	4.38254	.
271	462910	0	44.0599	.
80	179825	1	7.49512	.
1667	7102520	0	16.4153	.
1666	7102519	1	4.26969	.
442	496020	0	8.22028	.
37	975	1	14.724	.
867	521131	1	61.7685	.
1699	7150610	1	0.672596	.
705	513243	0	89.4366	.
712	513537	0	300.127	.
606	507672	1	16.6387	.
796	518156	0	54.603	.
500	501142	1	12.769	.
1036	1561292	0	1.812	.
422	492477	1	24.3437	.
131	335351	0	1.57595	.
957	915960	1	1.52163	.
958	915961	1	1.04993	.
815	519023	0	3055.6	.
814	519002	1	2976.61	.
929	774015	1	111.767	.
952	894660	1	102.314	.
953	894689	1	222.871	.
928	774014	1	236.952	.
1679	7123890	0	21.8102	.
594	507291	1	82.4672	.
558	505816	0	83.087	.
157	376125	1	80.1429	.
1424	6300650	0	8.54921	.
88	268990	0	4.45074	.
825	519435	0	79.032	.
820	519152	1	88.3224	.
432	495156	1	35.4264	.
1680	7124092	1	14.0843	.
1737	7170228	1	5.31746	.
1738	7170230	1	12.7521	.
452	497194	0	51.3121	.
99	283656	0	5.96862	.
1383	5534746	1	2.13387	.
520	503076	0	96.5046	.
323	478181	1	101.568	.
931	774803	0	6.21394	.
932	790130	0	5.15257	.
930	774802	1	2.75669	.
933	790131	0	0.941509	.
1321	4176745	1	4.87187	.
821	519155	0	16.1432	.
591	507110	1	50.8041	.
644	509937	0	136.724	.
360	483634	0	17.9238	.
1027	1483708	1	1.47255	.
866	521125	1	83.3983	.
557	505706	0	119.631	.
1409	6227188	1	2.59862	.
1411	6227206	0	3.03667	.
1412	6233407	1	2.47672	.
1413	6233411	0	5.46378	.
1416	6233429	0	2.58161	.
1789	7382004	0	0.620532	.
51	1169	1	334.584	.
783	517503	0	0.0395145	.
143	335565	0	3.76385	.
1405	6201209	1	45.5323	.
1417	6236065	0	39.375	.
516	502904	0	25.627	.
326	478479	0	26.0138	.
587	506949	1	73.3294	.
641	509791	0	55.7	.
639	509610	1	68.1282	.
822	519278	1	4.90298	.
1693	7139036	0	55.9726	.
1694	7139037	0	32.3343	.
1691	7138982	0	4.87194	.
1692	7138983	0	4.96418	.
1086	1986961	1	0.321187	.
684	512026	1	13.3815	.
428	493757	0	19.8853	.
48	1109	0	208.77	.
683	512004	0	0.0408013	.
1144	2494207	0	0	.
1145	2500986	1	0.177542	.
395	486751	1	3.45815	.
1146	2501003	0	0.107158	.
1143	2494189	0	0.612113	.
609	507854	0	0	.
387	486430	1	67.0551	.
328	479058	0	8.83218	.
721	513844	0	27.1733	.
1651	7072161	0	18.7763	.
445	496282	1	1.39727	.
1261	3453206	0	2.06821	.
947	877170	1	22.0371	.
946	877164	0	29.8105	.
165	378025	0	47.2864	.
748	515442	1	50.4054	.
1474	6483291	1	12.7948	.
1475	6483352	1	0.600575	.
1110	2166714	0	1.3888	.
57	1236	1	0.955341	.
1081	1981324	1	0.00769896	.
611	507901	1	10.7454	.
50	1168	1	159.145	.
213	441538	1	12.795	.
142	335562	0	6.56632	.
708	513456	0	42.4314	.
1547	6806710	0	102.921	.
790	517866	0	1.88398	.
1549	6807023	0	229.1	.
733	514391	0	72.3561	.
467	498442	0	215.16	.
588	506965	1	205.444	.
1612	6951589	1	28.9671	.
965	930831	0	0	.
1628	7025152	0	76.5559	.
1627	7025151	0	75.6852	.
1629	7025153	1	19.263	.
703	513099	0	42.8406	.
121	293539	0	36.4437	.
39	980	1	19.7101	.
1535	6767868	0	1.42922	.
1099	2093249	0	12.7367	.
1098	2093233	0	11.6805	.
706	513247	0	180.422	.
870	521339	0	184.846	.
286	465686	0	87.0621	.
1611	6943557	1	2.9529	.
1554	6830207	0	12.925	.
1555	6830222	0	20.6274	.
33	902	0	48.0044	.
59	1256	0	2274.01	.
209	441269	1	12.7799	.
792	517971	1	20.1723	.
288	466205	0	38.2232	.
187	438208	1	1.04338	.
199	440277	1	87.131	.
547	505188	0	353.602	.
857	520876	1	19.0357	.
1268	3623442	1	2.46188	.
1034	1559552	0	0.0635365	.
1035	1559553	0	40.3336	.
648	510116	1	39.0837	.
740	514794	0	52.2832	.
1650	7071867	1	40.0058	.
1444	6350631	1	4.53632	.
1443	6350627	1	5.78756	.
1254	3370646	1	2.56799	.
1303	3802057	1	5.90426	.
1302	3802021	0	1.62891	.
532	504150	0	5.7302	.
839	519959	1	186.056	.
314	472210	0	309.074	.
396	486838	0	2.42129	.
1728	7169358	0	10.849	.
652	510296	0	80.6777	.
529	504128	0	66.8079	.
713	513538	1	36.8186	.
195	439558	0	23.8597	.
734	514509	1	268.202	.
714	513577	1	326.286	.
207	441172	0	0.515084	.
276	463533	1	14.2595	.
605	507664	1	82.9737	.
738	514576	1	151.988	.
765	516652	0	1166.88	.
512	502522	0	830.299	.
896	579911	0	16.7475	.
897	579925	0	31.8445	.
811	518901	1	18.2371	.
505	502049	1	4.39756	.
298	469957	1	29.1313	.
508	502353	1	30.8424	.
801	518399	0	51.9509	.
878	521901	0	233.21	.
1715	7164733	1	10.1939	.
1037	1601504	0	0	.
974	1058443	0	1.84857	.
994	1172413	1	3.6101	.
608	507829	1	160.294	.
472	498764	0	92.3479	.
1493	6566291	1	0.459262	.
1505	6641375	1	0.832783	.
662	510869	0	94.3298	.
664	510884	0	93.2057	.
168	378077	0	4.27279	.
1593	6893477	1	17.696	.
256	446292	0	1.55982	.
252	446196	1	5.45247	.
259	446685	0	0.0908569	.
1164	2736938	1	9.16908	.
780	517185	1	2.96056	.
1602	6923603	0	8.58975	.
1603	6925323	0	3.25573	.
47	1087	0	40.8668	.
1159	2736864	0	5.03072	.
1208	3003297	1	5.19526	.
1093	2045292	1	8.87025	.
1095	2045307	1	2.78378	.
1207	3003281	1	6.29974	.
1162	2736903	0	3.36867	.
144	335596	0	40.8093	.
70	1564	0	213.696	.
427	493706	1	93.7223	.
1367	4863534	0	0.941782	.
1244	3251137	0	0	.
1772	7299897	1	0.00019971	.
22	682	0	359.81	.
849	520365	0	258.076	.
243	445859	1	14.963	.
171	432618	0	14.8713	.
860	520981	1	153.504	.
95	282941	0	37.5291	.
333	481542	0	22.6216	.
41	997	1	50.2446	.
1636	7055477	0	0.0271233	.
1225	3138985	0	10.4378	.
1217	3051166	0	6.59195	.
476	499252	0	32.7845	.
167	378076	0	35.8312	.
1540	6780761	0	31.2723	.
1530	6731947	1	15.1361	.
1529	6731946	0	4.0395	.
204	441021	1	74.7136	.
760	516419	0	87.0704	.
363	484165	1	2.09579	.
1310	3908220	0	43.1565	.
1311	3908225	1	10.3002	.
1071	1895433	1	2.9238	.
52	1170	1	21.2751	.
348	482961	1	29.2917	.
819	519091	1	81.7435	.
854	520654	1	21745	.
852	520638	0	21001.4	.
1286	3728304	0	20.9612	.
1270	3638977	0	11.9331	.
1269	3638946	0	94.4296	.
1287	3728335	0	97.992	.
1129	2303466	0	0	.
1186	2876347	1	1.5081	.
1074	1929983	0	1.5081	.
1040	1601579	0	0	.
1299	3768572	1	11.5441	.
448	496489	0	69.7305	.
338	482131	1	44.3899	.
531	504132	1	5.28477	.
437	495861	0	49.5161	.
73	1606	0	12.0531	.
772	517041	1	42.7193	.
331	481038	0	0	.
1201	2995800	1	15.5874	.
163	377564	1	7.29801	.
461	497966	1	18.4241	.
1632	7033257	0	7.359	.
1613	6971912	0	1.88629	.
1631	7033256	1	60.2812	.
188	438332	0	12.7881	.
1614	6971913	1	131.341	.
1366	4863508	0	1.73714	.
1025	1474792	0	90.3283	.
622	508511	0	151.851	.
541	504576	1	62.9219	.
568	506080	1	4.83248	.
1418	6237009	1	8.02602	.
1006	1264584	1	6.14177	.
1107	2164618	1	3.79693	.
964	930274	1	0.955624	.
963	930231	1	8.78947	.
1108	2164662	1	10.7217	.
809	518846	1	92.5899	.
418	492041	1	23.08	.
1007	1264585	1	18.1974	.
374	485584	1	58.6198	.
761	516564	1	158.605	.
525	503670	0	9.86314	.
242	445835	1	249.031	.
290	469386	1	361.227	.
241	445782	1	71.3028	.
266	451387	1	61.2134	.
537	504279	0	134.073	.
458	497704	0	8.48686	.
785	517541	1	19.6273	.
1155	2730556	0	14.9	.
1156	2730564	0	1.60037	.
789	517739	0	0	.
1750	7191472	0	27.9016	.
631	509112	0	97.186	.
367	484590	0	94.473	.
1051	1705123	0	8.54788	.
1048	1702541	0	2.14671	.
1049	1702601	1	5.67154	.
108	285382	1	52.3493	.
293	469811	0	40.6853	.
1133	2429540	0	16.0486	.
1687	7135062	0	0.211478	.
1686	7135059	1	6.27768	.
1050	1705063	0	8.49853	.
1454	6381098	1	19.985	.
1448	6363406	1	22.0873	.
392	486656	1	1.9432	.
1447	6363404	1	15.5735	.
1455	6381099	1	13.249	.
1605	6937026	1	38.5096	.
1606	6937029	1	32.4895	.
655	510513	0	0.0655782	.
797	518171	1	242.184	.
908	645175	0	14.3733	.
905	645172	0	16.2128	.
906	645173	0	2.14762	.
907	645174	1	8.55644	.
1064	1810628	0	36.6391	.
514	502636	1	7.15326	.
1063	1810596	0	96.1803	.
1633	7038523	0	1.19624	.
581	506710	1	4.73092	.
496	500772	1	13.7908	.
212	441433	0	133.567	.
319	475265	0	47.7162	.
1024	1450972	0	0.899454	.
1023	1435774	0	0.048633	.
997	1192938	0	0.775802	.
996	1192926	0	1.54893	.
561	505910	0	18.1644	.
87	245789	0	5.71403	.
159	376279	1	0.164655	.
45	1059	0	226.707	.
1508	6673819	1	0.000339574	.
1009	1273975	1	11.4979	.
1011	1278893	1	8.05186	.
1008	1273939	0	9.59577	.
1012	1278929	0	13.4901	.
493	500601	1	21.8429	.
575	506488	0	124.197	.
603	507627	0	97.0159	.
1191	2909631	0	1.36192	.
162	377319	1	22.7351	.
665	510930	1	79.4568	.
1402	6137843	1	48.2642	.
1401	6137842	0	0.233379	.
956	914863	0	0	.
1710	7163454	1	20.6425	.
1709	7163453	1	39.0434	.
1338	4430615	0	8.67783	.
219	442185	1	45.9669	.
723	513910	1	96.8298	.
272	463199	0	25.495	.
1400	6104404	1	4.65263	.
1391	5972028	1	1.79388	.
1392	5972068	0	5.01887	.
1399	6104364	0	2.32662	.
679	511940	0	16.4348	.
951	893923	1	0.715701	.
438	495896	0	0	.
592	507160	1	28.2401	.
55	1223	1	5.74369	.
44	1055	1	36.1438	.
109	285434	1	13.5901	.
383	486214	0	20.9973	.
1502	6639517	1	17.687	.
1499	6639514	1	28.8186	.
1500	6639515	1	33.4085	.
1501	6639516	1	31.3494	.
1070	1895428	0	1.16777	.
876	521638	1	126.446	.
175	434392	0	33.6003	.
1550	6821713	0	1.8965	.
1563	6839323	0	5.33388	.
289	468068	0	75.5071	.
654	510432	0	130.765	.
254	446233	0	9.1503	.
182	437315	1	80.5266	.
807	518825	0	523.557	.
1138	2486841	1	16.4801	.
486	500413	1	144.566	.
79	1818	0	61.2244	.
527	504086	0	8.55608	.
1568	6842661	0	15.4097	.
1567	6842660	0	4.88777	.
1194	2911486	0	3.60584	.
1140	2486843	1	0.139402	.
1139	2486842	1	11.8684	.
1195	2911487	1	5.48177	.
1193	2911485	0	1.65637	.
1137	2486840	1	18.4386	.
466	498413	1	3.32241	.
1192	2911484	0	7.8847	.
766	516678	1	16.3209	.
303	470306	0	28.0649	.
845	520089	1	68.9309	.
1698	7143283	0	38.7017	.
1512	6689139	1	10.6818	.
1510	6688957	0	7.81274	.
1509	6688956	1	0.387401	.
1511	6689138	1	2.12708	.
1441	6345044	1	2.65381	.
1440	6344836	1	2.40706	.
255	446284	1	4.03985	.
570	506317	1	54.5437	.
270	462744	0	4.69713	.
1283	3665354	1	29.45	.
1281	3665352	0	21.5034	.
1282	3665353	0	24.9049	.
1284	3665355	1	10.177	.
1247	3281853	1	2.54374	.
1267	3553675	1	3.53334	.
89	269934	0	0	.
1250	3336782	0	1.25413	.
1120	2230695	1	1.04489	.
1251	3336795	0	3.43979	.
148	364610	0	17.6896	.
551	505453	1	226.717	.
292	469567	0	352.919	.
618	508352	1	98.9243	.
678	511841	0	13.9805	.
934	817812	0	6.59169	.
938	818027	0	4.88245	.
937	818026	1	19.2355	.
16	539	0	37.4678	.
882	522218	0	27.8487	.
887	523421	1	22.0274	.
883	523399	0	3.30782	.
888	523486	1	10.1899	.
935	817813	0	0	.
590	507028	0	122.753	.
521	503173	1	316.497	.
21	680	1	65.0118	.
1744	7171832	0	20.1706	.
329	479343	0	25.0474	.
229	443978	0	65.6778	.
1252	3352733	0	2.84399	.
1253	3352737	0	5.86508	.
1222	3107055	0	0.359647	.
1047	1671135	0	0.540591	.
976	1069288	1	1.9334	.
999	1216023	1	5.39519	.
1662	7102497	1	5.92878	.
1663	7102498	1	5.0474	.
1794	7445454	1	2.24219	.
868	521173	0	54.0023	.
153	366748	1	30.5911	.
24	727	0	46.9062	.
1456	6410624	0	12.5696	.
1457	6410625	1	30.2462	.
803	518541	1	173.762	.
805	518648	1	74.94	.
1403	6142747	1	1.31072	.
1404	6142761	1	1.94896	.
945	876528	0	0	.
1481	6506368	0	4.4815	.
1479	6506366	1	0.0721804	.
1609	6941874	1	6.2118	.
1610	6941876	1	9.69903	.
1480	6506367	0	1.46173	.
1482	6506370	1	70.3222	.
77	1765	1	59.6655	.
364	484207	0	1.31861	.
1209	3010082	1	27.9157	.
1151	2586392	1	22.461	.
1150	2586352	1	22.7658	.
1210	3010122	1	30.3367	.
61	1289	1	118.248	.
1594	6913534	0	11.9059	.
1595	6913535	1	24.8436	.
1596	6913536	1	16.0494	.
494	500623	0	10.6015	.
343	482807	1	14.1584	.
1517	6702747	0	2.68254	.
311	471564	0	54.038	.
277	464197	0	50.6663	.
704	513179	0	112.958	.
1770	7218303	1	49.2426	.
1001	1221937	0	17.2734	.
1000	1221936	0	39.5192	.
967	943415	0	32.1102	.
966	943414	0	8.06797	.
1672	7110707	1	26.389	.
709	513489	1	34.845	.
123	301493	0	4.5169	.
341	482418	1	3.61332	.
1707	7162045	1	1.17595	.
403	487925	0	31.6666	.
192	439088	1	45.6214	.
216	441663	0	40.7288	.
1616	6989318	1	0.314679	.
1588	6876768	1	15.9502	.
1587	6876623	1	13.7376	.
1586	6876620	1	18.8829	.
1589	6876939	1	8.04682	.
247	445955	0	150.221	.
460	497923	0	243.95	.
470	498526	0	144.745	.
862	521014	0	306.711	.
1274	3650411	1	128.757	.
1273	3650401	1	8.3084	.
1778	7348767	1	8.11807	.
1773	7344277	0	3.88577	.
1774	7344391	1	0.336677	.
1777	7348654	0	12.1694	.
198	439920	0	12.857	.
11	452	0	25300.6	.
5	419	0	40162.4	.
630	509041	0	36.5695	.
685	512079	1	290.436	.
1198	2995790	0	6.49383	.
1204	2995812	0	6.09933	.
1341	4481854	0	6.11638	.
1347	4481876	0	3.66634	.
1202	2995805	0	0.654826	.
528	504096	0	0	.
492	500543	0	133.657	.
424	493300	1	195.937	.
515	502835	0	46.6669	.
335	482023	1	30.6977	.
4	411	0	620.125	.
1125	2285798	0	0.139051	.
1113	2182194	0	10.3442	.
1124	2265721	0	5.17084	.
1114	2182261	1	9.1276	.
1123	2265654	1	6.45583	.
402	487626	0	26.0842	.
484	500297	0	22.9038	.
1654	7091635	0	2.00891	.
101	284085	1	5.67808	.
1551	6821715	1	4.02747	.
1564	6839325	1	3.91828	.
246	445931	0	39.5319	.
300	469974	0	75.4881	.
366	484370	1	26.5514	.
129	335295	1	16.5848	.
426	493473	1	125.443	.
425	493446	1	9.23399	.
697	512736	1	50.2285	.
72	1596	0	24.1225	.
112	286579	1	79.4978	.
230	444054	1	65.5413	.
1472	6476517	0	31.685	.
1519	6707891	0	32.6914	.
1473	6476521	1	22.0012	.
1518	6707887	1	17.4357	.
637	509443	0	0	.
71	1577	0	2.48859	.
1775	7344528	0	13.4165	.
1776	7348277	0	8.5696	.
1169	2756705	1	4.85057	.
593	507264	1	4.47226	.
390	486581	1	3.47753	.
638	509552	0	1.11646	.
741	514821	1	612.207	.
78	1814	0	87.8019	.
208	441213	1	25.2404	.
361	483652	0	63.1061	.
495	500626	1	44.6115	.
258	446344	0	18.4916	.
571	506424	1	140.904	.
132	335376	0	169.051	.
855	520731	0	175.204	.
1430	6310807	0	18.5323	.
942	839866	1	0.250222	.
578	506563	0	268.298	.
332	481413	1	10.8842	.
719	513799	0	20.9745	.
1542	6786935	1	7.49625	.
1525	6717488	1	0.0170411	.
1526	6717571	1	28.6575	.
1541	6786852	1	34.0896	.
1199	2995794	1	11.4362	.
1346	4481873	1	10.2845	.
414	491496	1	131.963	.
1791	7414505	1	53.2332	.
1790	7414504	1	28.0065	.
183	437817	1	12.8357	.
816	519038	1	44.0991	.
1052	1707742	1	2.95076	.
1053	1707773	1	3.42247	.
1075	1966222	0	2.92746	.
1076	1966253	1	1.66842	.
1793	7414522	0	16.6559	.
1020	1395831	0	21.4793	.
1792	7414518	1	15.8888	.
1019	1395786	1	32.2178	.
480	500030	1	74.0585	.
291	469452	0	15.2916	.
794	518103	0	13.008	.
375	485957	0	12.0205	.
464	498339	0	36.5463	.
64	1332	1	407.006	.
543	504595	0	161.988	.
475	498849	1	325.738	.
1332	4332251	0	0.159238	.
1272	3650391	0	3.46911	.
1271	3650390	0	10.901	.
140	335524	1	7.59063	.
586	506941	1	1.91881	.
535	504214	0	311.634	.
669	511449	0	633.428	.
474	498840	1	135.051	.
724	513918	0	103.521	.
921	682866	1	0.138627	.
327	478972	1	4.16694	.
120	293393	0	46.981	.
382	486195	0	843.787	.
235	445416	0	96.2233	.
749	515462	0	186.463	.
1343	4481861	1	2.95094	.
1314	4024296	1	51.5364	.
1313	3927715	0	50.84	.
1312	3927714	0	31.1224	.
1315	4024297	1	36.3986	.
399	487287	0	77.457	.
313	472201	1	49.9777	.
615	508057	1	4.48825	.
660	510818	0	62.2427	.
371	485247	0	55.3089	.
596	507362	0	79.3491	.
624	508595	1	37.2693	.
320	475300	1	11.0973	.
829	519639	0	160.339	.
569	506156	0	8.08032	.
8	430	0	27.9848	.
179	435682	0	0.0856712	.
1771	7218446	0	0	.
1725	7169353	1	9.66225	.
567	506077	1	57.2286	.
513	502542	1	26.1614	.
1185	2876084	1	4.91668	.
1189	2901344	1	3.22043	.
730	514239	1	1.16746	.
465	498379	0	10.9792	.
977	1079298	0	21.7949	.
885	523402	0	5.88082	.
886	523411	0	3.31441	.
835	519778	1	11.9892	.
114	288822	1	2.5261	.
884	523401	0	0.67565	.
595	507343	0	451.016	.
344	482825	1	324.03	.
436	495781	0	10.2636	.
294	469916	1	29.2161	.
1317	4146455	1	0.607669	.
548	505213	1	98.0787	.
202	440960	0	116.269	.
30	882	1	96.6591	.
1486	6538150	0	1.2491	.
1487	6538151	0	3.68452	.
502	501791	1	1.21337	.
1484	6538148	0	1.29745	.
1323	4188796	0	0	.
1243	3210348	0	0.151321	.
830	519664	0	4.7513	.
754	515673	1	11.2861	.
3	356	0	287.298	.
583	506753	0	0.217546	.
49	1117	1	323.106	.
155	374463	1	2.41414	.
984	1133369	1	5.72256	.
1097	2052260	1	12.1529	.
913	668532	1	5.88072	.
729	514142	0	73.0297	.
1747	7190896	0	21.1944	.
1748	7190902	1	37.6712	.
1749	7190903	1	42.0059	.
1090	2023637	1	14.5721	.
1215	3051043	1	8.18072	.
985	1133397	0	13.7344	.
372	485316	1	26.579	.
1638	7058275	1	28.1111	.
1637	7058274	1	8.08194	.
687	512129	1	179.988	.
1608	6941625	0	77.6187	.
1607	6941624	0	4.03396	.
1216	3051071	1	5.92512	.
1091	2023670	1	1.65342	.
1096	2052227	0	4.27126	.
1275	3656362	1	12.4526	.
278	464333	0	94.8578	.
482	500131	1	146.031	.
552	505511	1	55.7628	.
986	1138040	1	1.32322	.
987	1138041	1	1.47151	.
990	1146826	1	7.30663	.
523	503265	1	4.12122	.
468	498450	0	48.6575	.
1646	7070507	1	24.5159	.
1647	7070509	1	42.4641	.
613	507981	1	8.02761	.
353	483227	0	0.514996	.
1477	6494520	0	50.4422	.
1478	6494521	1	40.011	.
499	501007	0	334.38	.
725	513950	1	0.155044	.
400	487290	0	222.24	.
582	506748	1	0.307112	.
975	1066086	1	13.0564	.
939	823072	1	23.2962	.
837	519943	1	17.2889	.
205	441098	1	19.7526	.
389	486579	0	1.13788	.
279	464375	0	0	.
1100	2098505	1	9.64189	.
1119	2223663	0	9.68179	.
873	521558	0	1044.71	.
875	521618	1	1026.18	.
1520	6715316	0	0	.
1546	6806707	1	59.1972	.
410	490952	0	0.92038	.
1548	6807020	1	37.3335	.
97	283494	0	6.55863	.
793	518005	0	17.1079	.
1166	2756673	0	25.9359	.
1171	2772294	0	6.37284	.
1170	2772263	0	14.4846	.
1168	2756704	0	14.4763	.
1066	1864444	0	0	.
1172	2772295	1	1.19528	.
1167	2756674	1	1.15634	.
1495	6606042	1	0.0676339	.
7	429	1	207.083	.
94	282348	1	8.04593	.
899	587161	1	95.289	.
898	587160	1	71.7614	.
1188	2890833	1	1.67257	.
1178	2840320	1	26.9947	.
539	504297	0	3.92956	.
1179	2840321	1	6.80847	.
1065	1838883	1	5.23874	.
1397	6031488	1	5.68509	.
1398	6031490	0	5.94021	.
215	441610	0	11.2105	.
1	233	0	59.0723	.
305	470427	1	116.208	.
342	482783	1	11.0258	.
306	470434	1	24.024	.
218	442134	1	113.047	.
352	483100	1	21.6888	.
457	497692	0	15.6421	.
656	510528	1	234.907	.
851	520630	1	42.6864	.
798	518199	0	0.644411	.
716	513678	1	13.4132	.
617	508320	0	25.2476	.
408	490785	0	6.11059	.
446	496357	0	35.5244	.
564	505977	1	135.018	.
1018	1395783	1	11.0107	.
565	505982	1	50.4017	.
671	511572	0	73.0151	.
1783	7364616	1	3.81528	.
1784	7364747	0	0.0311909	.
1237	3155505	0	0	.
1319	4175915	1	5.0664	.
1318	4175901	1	13.184	.
573	506472	1	112.357	.
666	511069	1	53.3248	.
1174	2814168	1	0.466125	.
1043	1629515	1	1.84314	.
1175	2814169	1	2.76944	.
1042	1629514	1	4.71639	.
784	517522	0	368.469	.
828	519557	0	58.7681	.
239	445705	0	53.071	.
526	504041	1	3.77477	.
206	441168	1	26.31	.
170	426775	1	0.952188	.
742	514903	1	21.3614	.
443	496180	1	46.0993	.
645	509966	1	103.767	.
800	518393	1	228.189	.
554	505560	1	108.266	.
434	495618	1	36.7921	.
710	513495	0	87.5401	.
1645	7070372	1	2.85758	.
1661	7102496	0	0	.
1429	6310799	0	12.4162	.
1428	6310798	0	3.86074	.
1425	6310138	0	1.49097	.
1426	6310139	0	13.5063	.
560	505855	1	16.1442	.
498	500845	1	123.873	.
1664	7102499	0	222.821	.
715	513644	0	2.29266	.
810	518887	0	4.08891	.
762	516631	1	176.637	.
388	486578	1	319.438	.
1467	6469693	0	27.9448	.
1234	3153152	1	1.9378	.
1233	3153118	1	1.29562	.
1466	6469659	1	0.293841	.
691	512273	0	22.5788	.
113	288230	1	2.4553	.
347	482955	0	2.97642	.
1026	1474797	0	4.2398	.
321	475735	1	25.2939	.
846	520236	1	49.2637	.
1152	2607633	1	2.24852	.
580	506637	0	6.12947	.
642	509863	0	1.78343	.
238	445578	0	118.441	.
646	510098	1	14.3168	.
628	508785	1	12.2098	.
111	285626	0	25.0496	.
1653	7089175	0	6.32817	.
598	507412	1	3.94419	.
1652	7089174	0	19.5302	.
381	486127	0	35.9249	.
139	335521	1	12.7078	.
661	510837	1	8.88007	.
670	511463	1	679.891	.
444	496280	0	218.14	.
549	505241	1	134.516	.
589	507025	1	518.473	.
538	504292	1	172.864	.
1220	3070471	0	0.244222	.
1649	7071409	0	24.7883	.
1648	7071408	0	15.3572	.
145	335610	0	9.39883	.
490	500500	0	20.3633	.
519	503062	0	13.0075	.
659	510797	1	164.57	.
848	520291	0	202.685	.
1673	7116179	1	5.23934	.
248	445988	1	35.9514	.
318	475254	1	35.247	.
1752	7203800	0	35.8122	.
1753	7204101	0	24.0967	.
307	470481	1	11.9344	.
620	508451	0	3.69529	.
1337	4394610	1	0.231099	.
511	502505	1	1.85082	.
150	365812	1	35.8893	.
1389	5856041	0	0.504346	.
1374	5212200	0	2.23282	.
1375	5212207	0	0.996963	.
1787	7378478	0	1.51065	.
1786	7378477	0	4.63505	.
1713	7164050	0	28.9704	.
1714	7164051	1	8.56304	.
1712	7164047	0	3.64962	.
1136	2473712	1	18.537	.
881	522182	0	102.129	.
261	447197	0	45.7917	.
917	670118	0	0.82111	.
916	670116	0	4.74931	.
914	670112	1	3.19609	.
634	509264	1	5.27264	.
915	670114	0	2.7919	.
1682	7134840	0	98.098	.
1685	7134843	0	100.212	.
1764	7216188	1	14.1993	.
177	435035	0	22.0414	.
169	426560	0	70.8256	.
161	376398	1	177.564	.
267	459454	0	62.2169	.
1683	7134841	1	52.6667	.
1684	7134842	1	91.4403	.
210	441299	0	0.808121	.
115	290811	0	42.523	.
693	512441	1	14.0012	.
86	239778	1	7.89325	.
802	518536	1	43.6532	.
1485	6538149	0	16.0675	.
522	503176	0	318.096	.
378	486040	1	273.706	.
1659	7102385	1	11.66	.
1660	7102405	1	1.74063	.
43	1016	1	223.099	.
786	517600	1	205.561	.
385	486365	0	42.2578	.
58	1246	0	83.422	.
404	488622	1	6.66472	.
1300	3796050	1	19.0646	.
394	486692	0	0	.
978	1082240	0	0	.
1223	3119141	0	8.80609	.
747	515327	1	72.72	.
1558	6830633	1	35.4491	.
126	308866	0	1.12113	.
1556	6830398	1	25.2252	.
234	444296	0	0	.
911	649142	0	0.322877	.
910	649141	0	31.7573	.
764	516645	1	27.9835	.
909	649140	1	2.60219	.
912	649143	1	6.34032	.
924	704976	1	8.57887	.
926	705020	0	7.39585	.
925	705002	0	15.0704	.
67	1479	0	140.831	.
380	486105	1	0.196861	.
1504	6639935	0	16.4151	.
1503	6639756	0	15.0367	.
1492	6556029	0	11.237	.
1491	6555851	0	7.60037	.
607	507818	1	50.3885	.
616	508096	0	96.8178	.
635	509304	1	68.6746	.
701	512959	1	13.7179	.
421	492220	1	23.4273	.
667	511071	1	382.935	.
211	441372	0	175.81	.
1583	6876615	0	40.5917	.
853	520643	0	0.219508	.
1582	6876612	0	68.4274	.
950	886400	0	0	.
1328	4291449	0	4.15223	.
1241	3173219	0	7.99122	.
1329	4291471	0	6.1319	.
843	520011	0	11.1663	.
1045	1630056	1	6.24746	.
610	507856	1	0.818961	.
1044	1630030	1	1.34149	.
1761	7213787	0	11.4557	.
1762	7214120	0	12.7529	.
1760	7213776	1	1.99745	.
1763	7214473	1	12.1617	.
559	505843	1	117.153	.
93	282243	0	43.4623	.
351	483099	1	68.2813	.
479	499861	1	88.295	.
1733	7169626	1	7.09103	.
1736	7169860	1	6.5751	.
1735	7169855	0	16.4654	.
1734	7169631	0	16.2926	.
98	283540	1	29.3762	.
23	722	0	4.34976	.
223	443494	0	28.0687	.
124	301649	0	0	.
1419	6238101	1	3.01216	.
431	494097	1	117.247	.
18	603	0	55.3658	.
31	888	0	346.268	.
1565	6841018	1	1.79873	.
1553	6823698	1	1.87256	.
1566	6841174	1	2.64892	.
1552	6823541	0	0.436845	.
702	512977	1	96.0594	.
791	517960	0	43.4516	.
1788	7378479	0	50.4287	.
1785	7378476	1	0.751947	.
753	515654	1	56.6487	.
285	465157	0	93.6695	.
1320	4176741	0	17.5611	.
838	519949	0	4961.6	.
841	519993	0	5257.56	.
359	483511	0	10.8094	.
750	515467	1	15.0289	.
393	486670	1	17.2033	.
1369	4977756	1	0.293462	.
1390	5915432	0	0.293462	.
1711	7163455	0	24.97	.
1708	7163452	0	74.0057	.
510	502504	1	52.5706	.
731	514315	0	3.32656	.
1015	1391700	1	9.51977	.
1016	1391701	1	231.526	.
542	504579	0	297.244	.
627	508736	0	14.9599	.
1331	4304547	0	4.9457	.
1122	2230985	1	7.77118	.
1330	4304537	1	9.81069	.
1121	2230975	0	1.07924	.
297	469948	0	0	.
1212	3011715	0	11.697	.
350	483051	0	10.4655	.
391	486654	0	68.4686	.
194	439521	0	94.718	.
130	335332	1	8.48509	.
640	509723	1	44.0183	.
453	497392	0	45.1931	.
745	515177	0	62.5933	.
579	506566	1	74.1134	.
1410	6227197	0	0.873212	.
1414	6233416	1	1.1036	.
1415	6233425	0	3.59771	.
530	504130	1	6.11775	.
1642	7070367	0	11.4921	.
1539	6772282	0	10.8674	.
1301	3796053	0	83.9977	.
325	478345	1	558.147	.
643	509897	1	522.471	.
1643	7070368	0	72.1423	.
283	464992	0	2.89581	.
1644	7070369	0	82.0028	.
1641	7070366	0	11.077	.
1298	3768569	0	21.3795	.
200	440356	1	0.49864	.
1297	3768563	0	27.1985	.
26	785	0	24.6759	.
1142	2487014	0	3.68302	.
1067	1869404	0	5.20176	.
1141	2486990	1	1.71847	.
1068	1869428	1	0.736491	.
1131	2323259	0	0	.
1147	2531685	0	0	.
1635	7052294	1	0.909813	.
1163	2736936	0	20.3137	.
137	335443	0	0.0547484	.
301	470022	0	16.7559	.
17	600	0	10.5149	.
220	442346	1	15.6342	.
106	285357	0	20.5854	.
779	517184	1	19.7705	.
489	500487	1	31.844	.
1532	6735920	0	14.4866	.
423	492548	1	0.213345	.
1531	6735909	0	7.38364	.
1538	6772271	1	1.30689	.
2	349	1	23.9354	.
83	223277	1	0.0254327	.
225	443594	0	0.524382	.
629	508859	0	87.029	.
481	500089	1	31.9248	.
812	518939	1	6.97485	.
509	502501	1	25.2875	.
281	464799	0	32.0486	.
1118	2214715	1	0.709833	.
759	516246	1	12.682	.
955	895493	0	13.1531	.
971	963894	0	14.3853	.
954	895446	1	8.15997	.
972	963941	1	5.37373	.
105	285355	1	0.0238687	.
833	519737	0	78.0207	.
412	491403	0	2.61798	.
409	490812	0	14.1009	.
572	506447	0	19.2804	.
1498	6637036	0	0	.
874	521595	1	11.3696	.
138	335514	1	15.0423	.
1370	5028008	1	2.90348	.
1384	5619072	0	3.87547	.
553	505532	1	12.7777	.
315	472818	0	58.772	.
304	470355	0	3.91546	.
680	511942	0	257.954	.
28	863	1	32.2576	.
1336	4394598	1	1.04257	.
1089	2011885	0	43.6417	.
116	291216	1	5.53669	.
1088	2011864	0	21.0278	.
1236	3154538	1	1.1477	.
1235	3154509	0	10.7099	.
782	517378	0	125.988	.
156	375591	0	7.40043	.
133	335378	1	28.0088	.
455	497554	1	22.8101	.
776	517166	0	18.9861	.
892	551109	1	7.18279	.
891	551108	0	4.11225	.
781	517208	0	57.4123	.
217	442118	0	34.9146	.
265	451205	0	0	.
1381	5436523	1	7.80587	.
1380	5436522	0	10.0212	.
1376	5311640	1	2.71413	.
1706	7160571	0	3.32716	.
795	518133	1	49.1216	.
751	515492	0	13.1234	.
9	440	0	174.051	.
844	520088	1	0.528641	.
1432	6326319	0	0.151763	.
585	506931	1	63.4323	.
413	491479	1	29.9817	.
29	873	0	14.9646	.
900	598390	0	17.3981	.
566	506036	1	87.9898	.
877	521767	1	102.953	.
1069	1888696	1	0.525751	.
1690	7136702	0	50.5815	.
54	1209	0	44.6695	.
657	510538	0	18.8344	.
1688	7136700	0	13.6505	.
295	469917	1	0.0289795	.
1689	7136701	0	15.1748	.
556	505679	1	93.866	.
316	474089	0	50.2788	.
1112	2166869	1	5.25345	.
1126	2285813	0	5.59591	.
1111	2166854	0	3.94495	.
858	520900	0	0	.
358	483500	1	411.206	.
722	513870	1	738.167	.
676	511684	0	128.418	.
196	439852	0	7.84626	.
312	472195	0	62.6939	.
949	882461	1	31.0454	.
940	837398	1	49.5546	.
401	487292	0	6.76121	.
948	882460	0	11.0505	.
941	837399	0	5.70471	.
995	1188531	0	0	.
1630	7027449	0	0.0910795	.
53	1181	0	8.70472	.
1106	2151586	0	3.82855	.
1127	2300679	0	5.07952	.
711	513518	1	2.09056	.
1128	2300686	0	6.26597	.
1105	2151579	0	0.544368	.
356	483434	0	22.4561	.
308	470607	1	8.64964	.
1054	1722026	1	5.71544	.
863	521019	0	0	.
717	513698	0	23.9184	.
416	491899	1	193.104	.
524	503563	0	19.8915	.
284	465095	0	6.2846	.
1431	6310809	1	13.527	.
1427	6310147	1	16.5524	.
832	519723	0	52.1701	.
151	366490	1	27.205	.
149	365126	0	3.52249	.
1017	1395782	0	17.2616	.
1387	5848768	0	0.0529554	.
673	511599	0	16.2021	.
757	516049	0	617.647	.
38	977	1	195.301	.
377	486018	0	14.9802	.
1348	4481879	0	5.05226	.
1205	2995815	1	4.97639	.
1344	4481864	0	1.89745	.
806	518757	1	8.12753	.
296	469933	0	3.53115	.
1615	6977391	1	7.18238	.
869	521189	0	68.5939	.
339	482254	0	79.6469	.
836	519921	0	66.1811	.
540	504575	1	2.24944	.
1154	2725852	0	106.437	.
649	510219	0	120.766	.
40	994	1	9.55161	.
36	967	0	7.68755	.
336	482036	1	1.13891	.
1038	1601546	1	2.65786	.
299	469973	1	93.8505	.
752	515614	0	49.9543	.
1309	3888259	1	1.64348	.
1039	1601565	0	0	.
1041	1601766	0	8.35863	.
447	496407	0	11.167	.
379	486076	0	41.2489	.
91	276369	0	54.9385	.
503	501936	1	0.783614	.
1060	1758738	1	41.0337	.
1057	1736315	0	32.43	.
1324	4188798	1	5.01192	.
1316	4146442	1	4.39635	.
518	502998	1	3.43148	.
405	490357	1	0.44761	.
107	285378	1	7.98076	.
831	519686	1	162.575	.
651	510258	0	4.48777	.
435	495667	1	6.14602	.
224	443525	0	23.3699	.
119	293319	0	62.9052	.
769	516782	1	13.5674	.
1407	6217932	0	0.906243	.
1406	6213697	1	6.28996	.
1408	6217933	0	17.2279	.
1732	7169384	1	0.234244	.
1731	7169383	0	24.047	.
1730	7169382	0	14.9949	.
146	358832	1	7.3954	.
1322	4185390	0	49.4809	.
433	495159	0	16.8217	.
406	490398	0	22.7824	.
160	376381	1	155.819	.
604	507662	0	52.5355	.
1655	7096718	1	233.55	.
1656	7096719	1	45.7296	.
1224	3138984	0	1.35999	.
1218	3051167	0	1.68508	.
695	512692	0	17.8684	.
174	433225	0	7.78976	.
240	445710	0	0	.
1197	2977711	0	2.04266	.
1196	2977710	0	3.42073	.
273	463348	1	14.5073	.
1591	6883681	0	89.6618	.
1578	6875104	0	66.5201	.
1590	6883680	1	143.665	.
1579	6875105	1	141.807	.
1581	6875117	1	3.67296	.
1445	6361026	1	20.9675	.
1453	6376421	1	9.60774	.
1446	6361027	1	12.2165	.
1452	6376420	1	9.69987	.
456	497559	0	37.06	.
345	482826	0	5.22196	.
982	1128174	1	56.5685	.
992	1149197	1	38.5753	.
362	484164	1	48.3252	.
983	1128175	1	56.0742	.
991	1149196	0	2.65744	.
1014	1337657	0	14.3863	.
1004	1249916	0	22.9625	.
1013	1337656	1	9.58121	.
1005	1249917	1	27.1612	.
746	515244	1	40.6367	.
411	491235	1	40.1591	.
1534	6741053	0	1.83238	.
1543	6804720	1	0.444652	.
1544	6804893	0	8.60463	.
1533	6740880	0	8.1511	.
469	498525	1	124.129	.
449	496504	0	61.8461	.
658	510558	1	25.7872	.
1470	6474950	0	6.32067	.
1458	6450882	1	5.96855	.
1471	6474953	1	4.94398	.
1077	1981229	0	10.3567	.
574	506475	1	8.83194	.
1130	2306745	1	0.0667146	.
773	517073	1	68.5056	.
614	508037	1	50.937	.
968	944735	0	0	.
979	1083278	0	0	.
1513	6694314	0	1.75589	.
1514	6694317	1	11.3791	.
998	1206608	1	16.3754	.
1115	2190166	1	20.458	.
1022	1409946	1	11.6339	.
1021	1409945	0	1.8912	.
1087	2010172	0	0	.
1103	2141895	0	0	.
1116	2204858	0	0	.
1132	2387065	0	0	.
1173	2808712	0	0	.
1227	3141205	0	0.473042	.
1333	4362616	0	2.94033	.
1226	3141204	0	2.17101	.
1228	3141231	1	1.05004	.
1229	3141232	0	1.93942	.
1335	4362644	1	3.75012	.
1334	4362617	1	5.34963	.
1242	3205859	0	0	.
1258	3429224	1	0.747779	.
1257	3400698	1	0.72637	.
1259	3429230	1	2.82628	.
1256	3400692	1	1.98752	.
1260	3429236	1	2.74434	.
1255	3400686	0	4.07776	.
1263	3508237	1	0.848224	.
1262	3508208	1	0.292813	.
1358	4684329	0	0	.
1379	5414591	0	0	.
1451	6373130	0	0	.
1476	6489887	0	0	.
1494	6567532	0	0	.
1507	6659878	0	1.1962	.
1506	6659820	1	1.6913	.
1497	6613372	0	0.0985641	.
1496	6613314	0	2.07675	.
1560	6832827	0	0	.
1604	6925387	1	6.01226	.
1601	6923539	1	6.23495	.
