# ContigOrdering file.  This file represents a ContigOrdering object, which describes an ordering of contigs within a Proximo cluster.
# See ContigOrdering.h for more documentation.
#
# Important numbers:
#	N_contigs	1057	(Number of contigs in the input cluster)
#	N_contigs_used	1057	(Number of contigs ordered by this ordering)
#	has_Q_scores	1	(Boolean: has orientation quality scores?)
#	has_gaps	0	(Boolean: have gap sizes between contigs been estimated?)
#
# Columns:
#contig_ID(local)	contig_name	contig_rc	orientation_Q_score	gap_size_after_contig
176	475986	1	0.661589	.
324	505341	0	177.299	.
443	516892	0	269.447	.
294	502123	0	131.981	.
999	7156635	0	16.9855	.
1000	7156636	0	6.35183	.
998	7156634	0	4.3293	.
405	512914	0	3.83231	.
134	446068	1	5.3108	.
1029	7204653	1	7.63841	.
1030	7204656	1	2.1894	.
1031	7204657	0	9.73758	.
1028	7204652	0	7.88835	.
741	2706665	1	0.0591262	.
738	2686295	1	1.12101	.
737	2686283	1	0.490788	.
742	2706677	0	3.72074	.
259	496215	0	80.8251	.
177	476048	0	119.864	.
122	442653	1	36.2148	.
411	513718	0	0	.
1	224	0	116.814	.
0	223	1	118.916	.
485	519349	1	55.3163	.
1032	7206406	0	7.80531	.
253	495690	0	61.7247	.
367	509785	0	34.0151	.
1014	7169623	0	0.556625	.
760	2853485	0	0	.
931	6748726	1	21.8916	.
510	521801	1	125.407	.
497	519896	1	33.9748	.
145	458469	0	1.31962	.
1047	7256302	0	1.43157	.
1044	7252869	1	3.3364	.
1045	7252976	1	2.95713	.
1046	7256195	0	1.63106	.
486	519385	0	65.2248	.
10	566	0	768.3	.
900	6450885	1	0.124399	.
693	1988544	0	0	.
108	437299	1	0.617917	.
12	576	1	301.293	.
389	511628	1	12.8403	.
688	1946972	1	33.8415	.
638	1301324	0	40.3502	.
16	723	1	22.7417	.
492	519670	1	159.075	.
170	472185	0	83.6985	.
204	485384	0	50.2371	.
963	6994888	1	34.9893	.
964	6994889	1	41.5182	.
637	1293569	0	0	.
89	364980	0	0	.
480	519117	1	218.941	.
321	504889	0	159.199	.
483	519212	1	75.6116	.
394	512072	1	39.7327	.
302	502914	0	49.2959	.
731	2557591	1	7.27359	.
825	4213007	1	14.4833	.
732	2557616	1	29.3865	.
472	518434	0	426.471	.
23	860	1	113.255	.
263	496337	1	10.6032	.
845	4808855	0	9.82059	.
846	4808877	0	8.78568	.
675	1786362	1	1.54484	.
403	512829	1	3.4386	.
371	510149	1	35.4686	.
844	4686701	0	18.6843	.
242	492629	1	263.459	.
52	1761	0	238.2	.
584	955522	0	6.99581	.
600	1071261	0	2.55628	.
585	955523	0	0.354257	.
437	516697	1	8.3312	.
392	511798	1	5.18259	.
471	518429	1	73.9902	.
312	503959	1	22.2502	.
981	7058813	1	0.38875	.
823	4091787	0	1.87404	.
816	3966535	0	2.32524	.
822	4091771	0	0.019552	.
340	507475	0	18.1599	.
330	506396	1	94.3741	.
154	463510	1	96.692	.
494	519792	1	4.09109	.
784	3227415	0	1.00307	.
526	657375	0	1.49297	.
630	1244075	0	14.586	.
629	1244074	0	11.1604	.
102	432334	0	21.6057	.
199	483921	1	24.7908	.
631	1244076	0	0	.
991	7095785	1	39.5478	.
85	335411	1	0.459529	.
990	7095784	1	53.1599	.
897	6409220	1	16.3777	.
898	6409221	1	17.6337	.
445	517077	0	34.2964	.
366	509759	0	64.0415	.
937	6811728	1	18.4657	.
934	6772293	1	16.286	.
933	6772290	1	4.46585	.
938	6811731	0	0.839957	.
292	502006	1	0.665564	.
143	453224	1	0.110903	.
171	472213	1	13.0464	.
142	453185	0	23.6885	.
1039	7215159	0	0.239036	.
1038	7214838	0	2.59089	.
907	6504900	0	7.75324	.
903	6491711	1	14.5756	.
904	6491850	1	18.2413	.
906	6504761	0	7.70815	.
777	3184388	0	0.185892	.
778	3184390	1	1.42284	.
333	506909	1	9.85276	.
11	568	1	38.1307	.
158	465285	0	7.70033	.
281	500068	1	38.5655	.
286	500925	0	4.45682	.
528	657392	0	6.06413	.
525	657373	0	0.232542	.
505	520707	0	0.518687	.
231	491435	1	6.41007	.
399	512324	0	88.6342	.
271	497661	1	0.369477	.
539	704202	0	24.7191	.
540	704203	0	9.05393	.
8	503	0	61.4146	.
309	503280	0	45.4247	.
342	507620	1	340.484	.
1056	7362759	1	23.5324	.
1053	7351881	0	3.34212	.
1054	7351999	0	1.50028	.
1055	7362641	1	4.71282	.
986	7070506	0	0	.
893	6376782	1	3.4487	.
892	6376779	0	2.28773	.
153	463407	1	55.9633	.
243	492957	0	82.1029	.
779	3196239	0	1.58521	.
618	1151667	1	0.330927	.
613	1143990	0	9.71422	.
336	507223	0	254.974	.
306	503171	1	34.4633	.
256	495819	0	0.482744	.
76	294605	0	0.939803	.
332	506898	1	32.9781	.
43	1436	0	9.99005	.
504	520677	0	50.0306	.
197	483657	0	4.8779	.
77	304249	0	0.301545	.
608	1091276	0	0	.
955	6932281	1	0.168814	.
954	6932163	1	0.967319	.
137	446484	0	1.24839	.
951	6920202	0	6.40532	.
950	6920129	0	0.881458	.
987	7071411	0	6.99838	.
358	509201	1	52.3268	.
230	491431	1	7.83842	.
402	512823	0	66.1918	.
46	1518	1	6.87626	.
323	505239	0	78.3011	.
347	508379	0	62.6407	.
646	1407386	0	6.99794	.
127	444004	0	96.4429	.
169	471270	1	40.9466	.
182	482155	0	7.98676	.
70	285435	1	3.45244	.
546	723424	0	51.1645	.
544	723312	1	44.7599	.
547	723452	1	52.9165	.
545	723340	0	62.4113	.
623	1193839	0	17.1987	.
621	1188823	1	36.0928	.
624	1193854	1	28.4198	.
622	1188838	0	23.5312	.
90	372366	1	37.8196	.
75	293991	1	34.7205	.
30	1132	1	26.7524	.
814	3943205	0	6.1197	.
813	3943204	0	27.0871	.
785	3227430	0	0	.
553	767763	0	0	.
65	282393	0	7.03267	.
400	512542	1	4.55192	.
552	767757	1	18.4618	.
551	767641	1	5.30451	.
409	513457	0	49.5342	.
373	510238	0	62.198	.
871	5945737	1	0.0144934	.
872	5945738	0	0.579639	.
874	6010738	0	0.885461	.
875	6010756	1	0.192565	.
478	518976	1	9.33459	.
433	516331	0	2.9171	.
228	490733	0	14.6511	.
348	508442	0	15.587	.
1026	7202148	1	4.11107	.
1024	7198411	1	26.7255	.
1027	7202149	0	22.5528	.
781	3196277	0	0.877986	.
496	519889	0	142.589	.
375	510405	0	139.704	.
607	1083870	1	8.3093	.
372	510232	1	82.6049	.
234	492047	0	57.8731	.
210	486238	1	26.1234	.
167	469947	0	17.9192	.
37	1349	0	157.097	.
300	502592	0	1.34545	.
320	504567	0	20.3757	.
774	3155512	1	4.34774	.
570	866330	0	3.27419	.
499	520021	1	26.7429	.
71	285751	1	3.46683	.
880	6215437	0	0.138342	.
193	483176	1	33.9639	.
175	475570	0	43.9449	.
628	1242491	0	7.10361	.
627	1242412	1	0.653866	.
19	742	1	26.8203	.
438	516726	1	40.7266	.
479	519093	0	40.0082	.
752	2774648	1	12.2559	.
754	2782310	0	5.88357	.
753	2774653	0	16.9253	.
755	2782315	0	11.4173	.
265	496581	1	7.65132	.
24	865	0	142.57	.
459	517778	0	39.8034	.
520	632280	1	4.18298	.
384	511352	0	53.8865	.
172	473442	1	38.0419	.
299	502591	0	106.577	.
41	1414	1	67.1337	.
54	203662	0	6.62158	.
192	483175	1	252.133	.
881	6264316	1	49.5009	.
883	6264318	1	41.5253	.
884	6264319	0	42.3644	.
882	6264317	0	47.4587	.
269	496996	1	7.13962	.
173	474610	0	30.8156	.
670	1668603	1	28.6004	.
668	1668585	0	34.5307	.
667	1668579	0	23.7968	.
669	1668590	1	15.9212	.
656	1477850	1	5.71875	.
651	1469525	1	5.1253	.
650	1469520	0	1.62641	.
657	1477855	0	1.38318	.
763	2929354	0	1.74911	.
418	514327	0	14.0329	.
200	484496	0	1.80728	.
819	4063764	1	12.4579	.
843	4641835	1	3.6352	.
820	4063765	0	1.79083	.
842	4641834	0	3.50295	.
1042	7224964	1	0.547475	.
1040	7224960	0	9.05411	.
514	556692	1	22.7177	.
428	515728	1	3.82713	.
515	556698	1	13.3323	.
1041	7224961	0	7.31007	.
118	441965	0	27.8087	.
414	513931	0	21.7183	.
989	7088760	0	2.2165	.
713	2365011	0	5.50423	.
716	2422298	1	3.45722	.
717	2422315	0	0.872036	.
151	462998	1	8.79045	.
534	672759	0	12.8483	.
640	1335399	1	16.8234	.
639	1335398	1	19.6128	.
533	672758	0	31.6096	.
448	517154	0	5.58696	.
501	520203	0	18.9597	.
810	3926006	1	0.854083	.
535	683296	0	6.94197	.
536	683298	1	25.1372	.
254	495749	0	224.516	.
266	496592	1	124.747	.
339	507398	1	145.996	.
188	482966	0	48.4625	.
212	486326	1	60.4448	.
168	470460	0	66.7453	.
626	1242160	1	6.00491	.
625	1242152	0	6.66773	.
559	791388	1	12.799	.
560	791389	0	3.26482	.
244	493092	1	1.35319	.
7	497	0	24.7488	.
1003	7164040	0	2.61889	.
255	495812	0	24.586	.
1005	7164042	1	22.7142	.
992	7109587	0	3.09634	.
993	7109589	0	12.9285	.
994	7109600	0	11.8556	.
97	377018	0	42.2128	.
218	486653	1	42.2896	.
322	505179	0	147.75	.
506	521063	0	243.843	.
407	513286	1	14.6865	.
834	4305846	1	0.636007	.
833	4305811	0	0.236781	.
804	3789615	1	2.0169	.
750	2768619	1	6.0261	.
246	493279	0	1.21109	.
744	2754301	0	3.4642	.
876	6024666	1	7.15899	.
268	496834	1	71.7986	.
447	517111	1	114.347	.
213	486358	1	36.8685	.
13	640	1	257.38	.
410	513555	0	2.3025	.
354	508945	0	142.52	.
355	508949	1	192.192	.
857	5287623	0	0.0750697	.
39	1362	0	273.586	.
349	508445	1	2.31986	.
587	967791	1	5.66235	.
567	836289	1	6.02834	.
568	836359	1	8.29399	.
586	967720	1	0.70405	.
369	509816	0	23.4112	.
430	515940	1	130.393	.
836	4384599	1	2.4638	.
837	4521238	1	2.13321	.
179	478741	1	0.433224	.
14	648	0	0.106218	.
962	6976113	1	34.5054	.
35	1208	1	0.878782	.
961	6976112	1	63.103	.
960	6976111	1	10.1228	.
959	6976110	1	14.8206	.
344	508002	0	129.592	.
74	293967	0	37.7603	.
220	486713	0	0.499172	.
558	790399	1	4.28838	.
408	513404	0	19.3306	.
346	508313	0	304.583	.
588	970517	1	3.43073	.
589	970523	1	0.355397	.
612	1129201	0	0.972695	.
611	1129195	1	3.74541	.
232	491725	1	46.5361	.
156	464284	0	50.5167	.
935	6792198	0	0.232342	.
564	794181	1	9.12723	.
561	794178	1	15.1798	.
563	794180	1	21.9806	.
562	794179	1	28.8379	.
370	510049	1	21.7015	.
40	1409	1	29.2	.
60	275174	0	54.1562	.
144	457482	1	12.4077	.
550	761447	1	4.67898	.
796	3590112	0	2.57547	.
449	517173	1	70.9923	.
319	504383	1	131.665	.
852	5129613	1	0.513401	.
260	496225	1	9.20534	.
130	445580	0	135.554	.
257	496005	1	216.518	.
140	447919	1	42.1065	.
707	2267948	1	16.4373	.
702	2221142	1	3.44262	.
701	2221141	0	0.292009	.
708	2267976	1	0.367092	.
356	508989	0	6.35833	.
376	510464	1	9.95443	.
461	517933	0	25.2399	.
305	503112	0	22.9308	.
761	2853551	1	0.132432	.
22	834	1	0.0274476	.
451	517225	0	63.118	.
431	516170	1	102.493	.
17	738	0	97.1164	.
397	512275	1	15.8186	.
835	4336956	0	1.78382	.
417	514227	1	59.0416	.
490	519606	1	46.2414	.
766	2989453	0	22.4477	.
765	2989452	0	24.419	.
653	1474509	1	41.5868	.
109	437513	0	2.24083	.
655	1474569	1	27.1299	.
745	2754315	0	1.66756	.
44	1449	1	83.9372	.
59	274972	0	27.9635	.
208	486158	1	9.39293	.
733	2571024	0	1.7744	.
797	3590137	1	11.7978	.
720	2441204	1	10.382	.
721	2441229	1	2.91233	.
126	443702	0	1.74679	.
350	508502	1	32.4614	.
660	1552756	1	2.20187	.
503	520549	1	16.468	.
117	441926	1	26.4692	.
1033	7210574	0	26.153	.
1036	7210583	1	24.6826	.
1035	7210580	1	5.78868	.
1034	7210575	1	2.67688	.
157	464785	0	196.283	.
123	443626	1	246.528	.
425	515333	0	131.106	.
288	500978	1	109.945	.
32	1165	0	748.701	.
38	1361	1	95.5836	.
632	1273787	1	3.79002	.
930	6690713	1	36.5302	.
927	6690700	1	27.7371	.
928	6690703	1	40.446	.
929	6690711	1	44.9622	.
99	378070	0	15.9076	.
201	484694	0	119.588	.
87	335584	0	43.5211	.
196	483625	0	20.8116	.
617	1151666	1	4.43374	.
614	1143991	1	10.1116	.
287	500929	0	93.1452	.
111	438434	0	145.876	.
101	431977	0	49.0234	.
343	507658	0	22.82	.
450	517197	0	11.1183	.
877	6024667	0	1.99291	.
198	483852	0	0	.
481	519165	0	135.199	.
20	754	0	41.1711	.
869	5776556	0	15.1278	.
850	5015498	0	1.08537	.
868	5776510	0	0.987883	.
849	5015453	0	0.282449	.
29	1128	0	1275.26	.
360	509299	0	20.4389	.
572	878778	0	5.50565	.
578	879321	0	2.75826	.
576	879306	1	0.0704739	.
202	485109	1	22.8239	.
128	444207	1	62.2325	.
395	512114	0	182.942	.
924	6681997	0	3.25004	.
48	1592	1	79.3988	.
159	465337	1	148.437	.
249	495043	0	4.02429	.
421	514873	0	26.721	.
591	1013537	1	1.5368	.
996	7151252	1	1.04952	.
997	7151253	0	4.72617	.
352	508802	1	248.823	.
107	435036	1	157.693	.
382	510990	1	355.6	.
886	6297341	1	6.96736	.
887	6297345	0	13.2993	.
885	6297340	0	6.93144	.
36	1212	1	0.783627	.
217	486647	0	12.475	.
426	515485	0	11.3394	.
310	503379	1	1.78743	.
15	687	1	173.856	.
1001	7161906	1	7.42539	.
1002	7162041	1	15.3972	.
513	522257	0	30.991	.
237	492188	0	24.6461	.
956	6937006	1	1.25573	.
957	6937007	1	48.2376	.
341	507536	0	92.1275	.
203	485281	1	27.1124	.
106	433252	1	112.104	.
2	361	1	169.077	.
282	500154	0	114.769	.
304	503106	1	128.427	.
365	509729	1	27.8229	.
756	2783442	1	16.5113	.
710	2353709	1	9.34011	.
709	2353698	1	4.49251	.
757	2783453	0	1.37181	.
273	498029	1	22.1766	.
441	516835	0	11.6976	.
275	498130	1	31.2982	.
465	518162	0	43.2272	.
163	468155	1	6.31208	.
364	509644	1	75.1031	.
482	519181	1	49.6731	.
463	518020	0	542.403	.
146	459486	1	465.952	.
440	516804	0	22.4727	.
896	6404722	0	18.7787	.
895	6401208	1	18.3819	.
915	6600227	1	5.18231	.
917	6613156	1	9.22913	.
916	6600321	1	19.5389	.
918	6613251	1	11.0651	.
45	1495	1	45.4252	.
195	483240	1	20.8919	.
223	487716	1	55.5309	.
353	508939	0	14.0831	.
191	483079	1	27.024	.
943	6858406	0	9.07117	.
944	6858407	0	3.7615	.
498	520010	1	12.8975	.
840	4569145	1	0.0498238	.
706	2233025	1	3.11356	.
790	3394600	1	3.07696	.
894	6379449	0	24.077	.
493	519775	0	200.724	.
21	827	0	179.144	.
293	502098	1	18.7926	.
9	508	0	76.3463	.
390	511630	0	1.78625	.
921	6627254	1	4.57675	.
922	6627255	1	9.71578	.
636	1278928	1	0.156793	.
633	1273938	0	0.0773934	.
423	515160	0	0.547943	.
634	1273974	0	0.140892	.
635	1278892	1	1.6339	.
27	1118	0	2.54956	.
1025	7200852	0	0.0422366	.
958	6939338	0	0	.
566	816987	0	3.04848	.
185	482787	0	14.1889	.
396	512261	1	1.23144	.
941	6838454	0	6.96275	.
940	6838452	0	4.35882	.
338	507334	0	73.8302	.
290	501365	1	124.699	.
866	5709622	0	3.7735	.
855	5205363	0	7.91493	.
854	5205346	0	3.90615	.
867	5709639	1	0.0788776	.
455	517518	0	14.274	.
56	235948	0	1.00596	.
129	445188	0	45.2214	.
80	310474	0	155.1	.
148	462647	0	52.7197	.
853	5143416	0	6.09915	.
574	878793	0	0	.
580	914894	0	1.49736	.
579	914862	0	5.48001	.
442	516870	1	50.5836	.
276	498142	0	38.4914	.
209	486191	1	14.1825	.
311	503626	1	1.83505	.
1037	7210584	0	1.97075	.
235	492075	1	2.66514	.
241	492396	0	43.4973	.
751	2768633	0	5.38114	.
769	3103309	0	12.2491	.
770	3103336	0	12.3587	.
5	464	1	24.4985	.
642	1399193	1	2.54147	.
620	1154008	0	1.56871	.
473	518438	0	64.4117	.
79	308725	0	58.5122	.
805	3793933	1	25.6208	.
806	3793967	0	6.5913	.
1011	7167042	1	2.99646	.
110	437938	0	0	.
932	6748727	0	3.39275	.
435	516618	1	2.5375	.
416	514051	1	1125.6	.
49	1604	0	1014.21	.
812	3932057	1	0.0267221	.
811	3932046	0	0	.
793	3452491	1	3.05285	.
792	3452428	0	5.28556	.
787	3333001	0	24.6368	.
258	496192	1	17.4059	.
211	486241	1	16.5548	.
982	7065236	0	5.91135	.
983	7065298	0	3.78731	.
984	7067873	0	3.53548	.
985	7067936	1	8.05897	.
326	505849	0	42.2167	.
116	441675	0	110.22	.
133	446038	0	148.798	.
225	488687	0	7.11893	.
124	443631	0	65.9792	.
214	486440	0	83.8019	.
947	6899673	0	0.219728	.
149	462800	0	32.8239	.
205	485924	1	6.32502	.
945	6899225	0	3.36162	.
583	930835	0	0.0226431	.
592	1022747	0	0.985901	.
593	1022751	0	0.69202	.
809	3888319	1	1.76552	.
383	511171	1	119.327	.
152	463299	1	140.042	.
95	375841	0	30.3347	.
802	3777858	1	5.1638	.
542	710544	1	19.151	.
488	519424	1	159.281	.
227	490692	1	51.1884	.
334	506971	1	1.43574	.
865	5676443	0	0.71103	.
864	5676442	0	1.48683	.
803	3777861	0	2.45169	.
72	285762	1	10.4015	.
361	509330	1	37.2533	.
946	6899231	0	0.388528	.
948	6899679	0	4.3759	.
1021	7193323	1	2.64882	.
280	499499	1	4.75105	.
434	516409	1	10.3189	.
925	6689972	0	15.7571	.
926	6689986	0	12.4895	.
768	3002148	0	0.776179	.
736	2664636	0	0.724795	.
767	3002141	0	0.851736	.
264	496552	1	1.24815	.
735	2664629	1	0.399374	.
798	3656365	0	6.30249	.
799	3656396	1	25.3271	.
489	519600	0	259.579	.
147	461497	0	31.604	.
132	445919	1	144.577	.
475	518562	0	907.136	.
458	517719	0	16.3985	.
965	7001223	1	0.325763	.
601	1076151	0	5.36477	.
604	1082249	0	1.46791	.
603	1082247	1	1.19209	.
602	1076153	0	2.97953	.
345	508304	0	86.2455	.
83	328821	0	5.34182	.
88	335662	1	13.5175	.
1004	7164041	1	8.35603	.
1006	7164043	0	21.4584	.
509	521622	0	3.27987	.
222	486846	0	23.658	.
594	1047118	0	61.668	.
595	1047119	0	26.6577	.
219	486668	0	349.708	.
82	317326	1	245.934	.
368	509806	0	58.0424	.
69	285095	0	34.0877	.
6	476	1	50.0139	.
775	3173231	0	25.125	.
125	443671	0	4.45329	.
831	4291461	1	60.1975	.
776	3173253	1	3.5953	.
446	517089	1	11.8701	.
666	1649373	0	5.17075	.
665	1649307	0	1.58881	.
84	335293	0	0	.
194	483236	0	13.9951	.
178	478552	1	19.4299	.
690	1951785	1	22.8012	.
682	1894784	1	12.0784	.
683	1894785	1	2.32706	.
689	1951784	0	9.11864	.
429	515889	1	2.90696	.
1043	7224965	0	12.6171	.
233	491997	0	12.0785	.
181	481407	1	69.7038	.
42	1429	0	2.98223	.
161	466160	0	15.7201	.
401	512608	0	17.1065	.
538	699584	1	10.3422	.
537	699552	1	0.662944	.
949	6906090	1	0.0204098	.
31	1144	1	1.68928	.
284	500755	1	7.86597	.
412	513806	0	77.6068	.
466	518166	0	30.7335	.
484	519273	0	27.6603	.
575	879304	0	34.6936	.
573	878791	0	12.9057	.
571	878776	0	14.4262	.
577	879319	0	15.1384	.
248	494135	1	30.4607	.
379	510701	1	123.12	.
654	1474568	0	33.5981	.
652	1474508	0	24.2936	.
910	6530026	1	30.513	.
901	6471748	0	14.1473	.
902	6471749	0	13.0356	.
911	6530027	1	4.57224	.
477	518935	0	40.9355	.
278	498833	0	6.03919	.
186	482932	0	7.20774	.
141	451512	1	9.0784	.
487	519396	0	71.7966	.
988	7082720	1	7.5206	.
511	522127	1	21.9144	.
1023	7195141	0	121.811	.
1022	7195140	0	98.0239	.
155	463627	0	40.4957	.
277	498480	1	5.05032	.
419	514554	0	69.3396	.
596	1049456	1	35.2425	.
422	514992	0	0	.
821	4068831	0	0.377211	.
491	519614	1	28.0814	.
977	7058286	0	5.43644	.
979	7058292	0	6.9681	.
454	517459	0	32.8552	.
432	516258	1	20.4124	.
920	6621437	0	19.4532	.
914	6593883	1	18.6541	.
913	6593867	1	6.38253	.
919	6621421	0	11.608	.
221	486738	0	2.55407	.
692	1966255	1	21.0368	.
672	1707775	1	18.1405	.
671	1707744	1	8.46238	.
691	1966224	1	10.2515	.
162	467932	0	6.02274	.
67	284055	0	8.87222	.
119	441974	0	7.84398	.
362	509426	0	62.219	.
543	716384	1	0.991575	.
749	2765104	0	8.23305	.
747	2760602	1	7.12085	.
746	2760596	1	6.84406	.
748	2765098	0	10.1733	.
121	442623	0	0.816001	.
500	520034	0	169.045	.
174	474895	1	30.6567	.
150	462957	0	24.555	.
659	1545855	0	21.9738	.
658	1545854	0	8.89872	.
661	1552757	0	7.77136	.
743	2735836	1	3.29392	.
328	506076	1	182.802	.
247	493816	1	71.8686	.
331	506611	1	73.792	.
1049	7336979	0	40.1963	.
1051	7341177	0	55.3152	.
1048	7336850	1	43.3164	.
1052	7341307	1	33.8328	.
476	518565	0	39.4593	.
335	506974	1	25.7172	.
517	627567	0	34.5426	.
516	627566	1	195.061	.
518	627570	1	198.129	.
26	1083	0	1.29431	.
645	1401013	0	3.3442	.
648	1411810	0	4.44091	.
644	1401012	1	1.9257	.
649	1411811	1	5.61497	.
307	503210	0	7.33033	.
317	504237	1	69.6209	.
495	519858	0	125.461	.
839	4554827	0	15.1044	.
795	3582514	0	8.32561	.
838	4554784	0	1.01443	.
786	3227432	0	0	.
519	632278	0	3.25027	.
283	500427	1	5.56328	.
522	632349	0	10.9318	.
521	632282	1	1.2363	.
420	514853	1	33.6047	.
398	512282	1	85.8122	.
25	953	0	567.938	.
406	512999	1	86.561	.
452	517229	1	943.939	.
467	518177	0	1370.05	.
939	6814667	1	0.299128	.
301	502651	0	4.25644	.
424	515264	1	51.299	.
93	375578	1	12.4795	.
261	496289	1	75.996	.
878	6044365	1	67.8326	.
166	469777	1	73.6196	.
315	504201	0	116.203	.
1009	7166757	0	117.858	.
1008	7166756	0	5.78116	.
1010	7166773	1	6.10736	.
1019	7193321	1	7.32231	.
1020	7193322	1	3.26833	.
1018	7193320	1	11.2524	.
512	522199	1	58.76	.
444	516906	1	62.7747	.
55	235074	0	2.04203	.
4	431	0	117.524	.
81	317157	0	0.0701266	.
695	2045739	1	2.13269	.
694	2045738	1	0.903838	.
104	433099	0	3.8955	.
772	3107057	0	21.2272	.
788	3352735	0	6.11962	.
789	3352739	0	3.3866	.
771	3107053	0	0.316942	.
313	504043	1	20.6067	.
470	518368	1	53.5906	.
848	4850782	0	0.41897	.
847	4850780	0	2.17874	.
936	6809067	0	0.832866	.
28	1126	1	370.22	.
404	512888	0	89.8222	.
923	6640482	0	0.13664	.
388	511605	1	39.1753	.
94	375615	0	11.0299	.
460	517901	0	125.878	.
856	5249413	1	2.95093	.
861	5460847	1	2.28255	.
888	6310148	1	12.6171	.
891	6310804	1	10.5052	.
889	6310150	1	0.23703	.
164	469433	1	0.611497	.
890	6310803	1	15.3337	.
3	368	0	5.63544	.
91	372401	0	12.5485	.
298	502539	1	134.341	.
296	502527	0	146.307	.
251	495496	0	215.321	.
967	7038395	0	132.239	.
966	7038394	0	72.0602	.
337	507329	1	26.8733	.
456	517531	0	148.204	.
180	479304	1	102.594	.
267	496760	0	10.7563	.
33	1175	0	235.292	.
138	446671	0	115.686	.
206	485931	0	183.097	.
238	492271	1	20.2734	.
718	2427437	1	3.63049	.
712	2356259	1	0.397084	.
719	2427513	1	3.08108	.
711	2356252	1	2.81649	.
66	283705	0	4.74232	.
131	445911	0	0.356091	.
415	514029	1	75.6576	.
289	501187	1	0.555113	.
34	1195	0	26.4352	.
378	510652	0	2.66448	.
899	6448897	0	0	.
905	6502519	1	5.0539	.
327	505959	0	6.42087	.
105	433120	0	6.18355	.
565	804261	0	0	.
830	4262432	1	5.39285	.
722	2452113	0	2.53048	.
764	2930888	1	6.41227	.
51	1668	1	153.96	.
351	508745	1	146.668	.
190	483056	0	12.98	.
502	520313	1	121.221	.
647	1407399	0	19.0107	.
662	1604488	0	8.66479	.
663	1604501	0	7.78087	.
590	1001621	0	0	.
98	377347	1	43.2865	.
18	740	0	27.9586	.
262	496332	0	10.0309	.
207	486133	0	19.1177	.
436	516626	1	41.2236	.
758	2830860	1	3.9118	.
759	2830861	1	1.90923	.
469	518291	0	7.37155	.
684	1912134	1	1.63574	.
291	501701	0	47.716	.
272	497993	0	29.6847	.
685	1912135	0	0.219438	.
734	2621013	0	0	.
860	5384201	1	7.08443	.
862	5651974	1	18.2282	.
859	5384170	0	10.9424	.
863	5652005	0	9.06518	.
462	517978	0	119.154	.
316	504233	0	56.4079	.
912	6566290	0	2.3861	.
698	2093214	0	2.15548	.
548	759126	1	7.85428	.
50	1614	1	34.9552	.
329	506137	0	64.2586	.
549	759127	0	0	.
569	866314	0	0.622995	.
773	3155496	0	5.94366	.
439	516745	0	26.7894	.
184	482715	0	96.3334	.
783	3227413	0	1.69213	.
676	1831653	0	9.25636	.
679	1833172	0	5.74219	.
677	1831670	1	18.58	.
678	1833155	1	22.7801	.
715	2392305	0	17.0579	.
739	2705355	0	14.6695	.
714	2392283	1	11.3637	.
740	2705357	1	14.7899	.
359	509217	0	229.216	.
47	1521	1	191.842	.
53	1770	0	0	.
597	1049458	0	2.58432	.
599	1049534	1	21.3406	.
63	282099	0	34.3356	.
57	272535	1	63.2891	.
274	498120	0	92.0902	.
58	274361	1	74.5761	.
464	518082	1	130.817	.
523	641666	0	9.40071	.
524	641667	0	12.3215	.
61	278675	0	0	.
62	281692	0	0	.
114	441405	1	31.7946	.
64	282238	0	26.0746	.
468	518268	1	36.2257	.
619	1154006	0	7.82795	.
643	1399194	1	2.32377	.
908	6506824	1	2.57224	.
909	6507085	1	15.8901	.
427	515698	0	60.4766	.
68	284281	1	127.799	.
73	289115	0	0	.
664	1633877	1	7.36233	.
78	305312	1	0.533445	.
680	1869405	0	3.88866	.
723	2486991	0	0.326675	.
681	1869429	1	1.33425	.
724	2487015	0	1.57676	.
86	335420	0	0	.
252	495651	0	163.465	.
229	491172	0	168.17	.
508	521311	1	3.05512	.
674	1773975	1	0.702513	.
641	1355569	1	2.52523	.
673	1773966	0	2.31531	.
800	3733176	0	0.75913	.
270	497048	1	1.56834	.
92	375572	0	0.127736	.
556	789744	0	1.80324	.
555	788291	0	0.859774	.
554	788260	0	1.65836	.
557	789775	0	2.65863	.
953	6932090	1	4.36815	.
952	6920317	0	0.98295	.
457	517631	1	86.1204	.
96	376948	1	57.8537	.
100	378071	0	0	.
103	432564	0	0	.
325	505758	1	7.48621	.
226	490643	0	2.34314	.
112	440890	0	7.75959	.
381	510885	0	134.635	.
308	503279	0	35.4472	.
113	441058	0	12.5545	.
973	7049205	0	2.86871	.
972	7049204	0	5.00029	.
187	482940	1	2.5334	.
135	446102	1	25.5171	.
314	504136	1	103.074	.
995	7138082	1	0.131549	.
115	441471	0	10.0297	.
245	493247	0	148.571	.
598	1049532	1	80.3362	.
374	510361	0	22.3538	.
507	521102	0	20.2411	.
808	3802658	1	6.92609	.
807	3802622	1	23.931	.
120	442602	1	29.2732	.
363	509528	0	9.0557	.
136	446119	1	8.67813	.
303	503053	0	146.276	.
139	446691	1	129.799	.
377	510505	0	3.08906	.
696	2046541	0	8.04693	.
729	2537843	1	4.42304	.
1015	7169628	0	0	.
1017	7169857	0	0.522784	.
1012	7169394	1	8.80232	.
160	465545	0	1.45525	.
1013	7169403	1	0.00391383	.
1016	7169852	1	0.531792	.
393	511941	1	65.8133	.
165	469698	0	49.5233	.
295	502394	1	6.68062	.
183	482459	1	6.62527	.
978	7058287	0	5.36171	.
285	500830	0	12.0913	.
189	483013	0	24.9391	.
527	657390	1	2.27056	.
474	518451	0	14.0148	.
215	486468	1	14.5371	.
216	486610	0	0	.
386	511465	0	6.39419	.
224	487952	0	61.7304	.
453	517379	1	123.754	.
829	4226404	0	7.51202	.
780	3196240	1	2.61732	.
782	3196278	0	3.46305	.
827	4226367	1	0.406433	.
828	4226403	0	0.889179	.
826	4226366	0	0	.
832	4291483	0	3.65585	.
413	513872	1	315.883	.
279	499395	0	292.988	.
236	492136	1	42.0491	.
531	661356	1	8.51957	.
703	2224184	1	2.2133	.
704	2224189	1	9.24242	.
532	661357	1	0.986825	.
387	511473	1	233.935	.
239	492297	0	29.5244	.
582	921264	0	6.98241	.
581	921262	1	11.8095	.
541	710542	1	5.48947	.
380	510755	1	49.209	.
240	492357	1	110.365	.
968	7038450	0	8.90661	.
969	7038458	1	1.75367	.
971	7038510	1	0.508516	.
970	7038502	0	1.3763	.
250	495370	0	0	.
297	502532	0	0	.
725	2522291	1	14.6996	.
318	504277	0	8.34682	.
728	2522295	1	8.48465	.
727	2522293	0	2.44472	.
726	2522292	0	2.56368	.
357	509179	0	0	.
730	2537891	1	0.263817	.
697	2046589	1	5.92448	.
391	511785	0	288.755	.
385	511365	1	193.445	.
606	1083868	0	0.294373	.
530	659230	1	7.19265	.
605	1083829	1	3.24587	.
529	659190	1	0.283093	.
615	1149220	1	7.03745	.
610	1128284	1	6.27873	.
609	1128195	1	13.3143	.
616	1149308	1	12.39	.
762	2876360	0	0.0151058	.
686	1929996	0	0.323136	.
687	1946641	0	0	.
700	2167404	1	4.37507	.
699	2167375	1	3.86022	.
791	3394607	1	1.32404	.
705	2233018	1	1.28823	.
794	3519509	0	0	.
801	3748205	0	0	.
815	3945092	0	0	.
817	4034832	0	0	.
818	4034843	0	0	.
824	4189573	0	0	.
841	4632768	0	0	.
870	5940038	0	21.3251	.
851	5016666	0	23.2836	.
858	5358731	0	0	.
873	5984147	0	0	.
879	6083361	0	0	.
942	6848615	0	0	.
976	7058280	1	0.934782	.
975	7058279	0	3.784	.
974	7058278	0	17.9428	.
980	7058293	0	15.1095	.
1007	7165921	0	0	.
1050	7338158	0	0	.
