# ContigOrdering file.  This file represents a ContigOrdering object, which describes an ordering of contigs within a Proximo cluster.
# See ContigOrdering.h for more documentation.
#
# Important numbers:
#	N_contigs	2520	(Number of contigs in the input cluster)
#	N_contigs_used	2520	(Number of contigs ordered by this ordering)
#	has_Q_scores	1	(Boolean: has orientation quality scores?)
#	has_gaps	0	(Boolean: have gap sizes between contigs been estimated?)
#
# Columns:
#contig_ID(local)	contig_name	contig_rc	orientation_Q_score	gap_size_after_contig
990	513184	0	1.81624	.
768	503309	1	108.989	.
1790	3171987	0	32.8701	.
1911	4394013	0	2.68801	.
1789	3171984	0	8.21454	.
1910	4394008	1	9.20086	.
0	355	0	3613.74	.
40	999	1	642.468	.
1285	733708	1	0.292902	.
1983	5212199	1	1.58536	.
1984	5212206	0	10.6805	.
2026	5856033	0	14.6341	.
1166	519881	1	74.9725	.
621	494110	0	58.2628	.
1288	734204	1	3.80914	.
1286	733731	1	6.79556	.
1287	734203	1	7.95592	.
209	431404	1	8.17774	.
344	448262	1	52.644	.
9	481	0	12.6343	.
248	439907	0	38.4706	.
164	334963	1	36.2691	.
2337	7070946	1	11.0315	.
2339	7070948	1	79.7204	.
417	472181	1	0.0136655	.
2340	7070949	0	17.7194	.
2338	7070947	0	2.75906	.
180	366615	1	4.06654	.
1820	3499464	1	14.3658	.
1908	4382954	1	0.856008	.
1757	2902773	0	0.0224926	.
1749	2857834	1	4.8431	.
1758	2902791	1	7.72761	.
228	437310	1	1.56482	.
1750	2857851	0	0.722429	.
329	446349	1	9.25472	.
13	634	1	283	.
2054	6189363	1	0.656241	.
2053	6187169	1	3.13347	.
2055	6189380	1	5.95441	.
2052	6187151	0	3.40554	.
1955	4805399	1	1.70287	.
1952	4724449	1	18.3963	.
1956	4805425	1	23.5445	.
1953	4724475	1	1.86112	.
188	375553	1	4.96043	.
896	509285	0	4.62556	.
677	497662	0	107.021	.
743	502047	1	36.1861	.
336	446531	0	0.79973	.
1754	2881791	1	1.16852	.
1116	518412	1	71.3834	.
405	470100	1	56.5782	.
1745	2807696	0	2.50843	.
1428	1172344	1	65.878	.
1390	1058442	1	71.1685	.
723	500636	0	12.1378	.
1172	520131	1	177.624	.
778	503492	1	128.884	.
2135	6502668	0	86.4901	.
2097	6400929	0	72.8026	.
2096	6400928	0	93.8314	.
2136	6502669	0	104.164	.
2212	6775229	1	0.768622	.
2209	6772406	1	0.29958	.
2211	6775228	0	4.90687	.
1071	516657	1	38.1352	.
1001	513951	1	115.726	.
2390	7150891	1	18.5008	.
2375	7122860	0	283.612	.
2374	7122857	0	282.466	.
1940	4634011	0	3.37068	.
1950	4666769	1	0.203652	.
1938	4633983	0	1.09988	.
900	509488	1	0.23649	.
1058	516206	0	4.76622	.
156	302029	1	32.7297	.
980	512700	0	60.7548	.
2261	6920947	1	21.3565	.
2260	6920865	1	5.11665	.
2204	6721619	0	0	.
2041	6057380	0	4.29884	.
2031	5955628	1	4.29602	.
2029	5955611	1	4.75452	.
2039	6057363	0	4.32877	.
2058	6233398	1	1.03199	.
2057	6227215	0	1.89528	.
738	501929	0	356.57	.
1169	519939	0	51.0833	.
365	463160	0	24.261	.
755	503002	0	385.871	.
711	499959	0	335.965	.
819	505765	1	40.5675	.
353	452909	0	43.2619	.
1000	513948	0	29.3769	.
1155	519577	0	35.0866	.
1040	515690	1	66.9266	.
2348	7095790	0	36.5518	.
2349	7095791	0	52.2614	.
32	859	1	2350.01	.
748	502341	1	21.5139	.
562	488625	0	27.9284	.
112	272357	1	3.14113	.
152	294688	0	4.67225	.
219	433303	0	6.57325	.
855	507245	0	25.2293	.
1588	1986942	0	0.348331	.
1583	1970500	0	0	.
2418	7164845	0	8.40878	.
1030	515301	1	44.4317	.
74	1434	1	78.6671	.
2037	6017102	1	47.0712	.
2450	7203790	0	44.774	.
2452	7204091	0	34.0675	.
2448	7203491	0	110.196	.
2449	7203504	0	109.196	.
1793	3193294	0	3.5531	.
1483	1419928	0	2.75314	.
1791	3193276	0	3.84843	.
2431	7180330	0	4.66824	.
1165	519873	1	11.3785	.
524	485930	0	23.5875	.
603	492475	1	80.3914	.
1232	521941	0	103.082	.
201	378596	0	8.17768	.
1198	520742	0	33.6258	.
301	443889	1	29.42	.
666	496972	0	116.155	.
472	481971	0	229.843	.
2124	6465021	1	14.5989	.
2125	6465022	1	5.40518	.
2126	6465023	1	3.72043	.
2123	6465020	0	19.372	.
327	446281	1	6.96597	.
866	507544	0	135.502	.
718	500400	0	190.349	.
1211	521343	0	78.0856	.
2414	7164283	0	2.58535	.
14	656	0	4.62148	.
213	431980	1	23.7853	.
556	488093	1	21.2823	.
1347	945828	0	0.297748	.
1348	945829	1	9.36542	.
1349	947586	0	17.7283	.
1110	518288	1	17.5533	.
1350	947587	1	7.19054	.
629	495247	0	124.142	.
742	502029	1	16.9558	.
1999	5603203	1	5.44899	.
1980	5153811	0	0.621929	.
2000	5603249	1	8.45265	.
1557	1836239	0	0	.
2415	7164738	1	9.88076	.
1549	1808898	0	1.20703	.
19	732	0	0.451449	.
1550	1808899	1	12.0481	.
1903	4370525	0	0	.
2067	6296948	0	0	.
2244	6863296	0	5.10032	.
2243	6863271	0	5.54005	.
2242	6863270	0	6.67069	.
2245	6863299	0	8.06205	.
85	1581	1	74.1726	.
1913	4414630	1	1.95206	.
2005	5661763	0	0.118401	.
1927	4489252	0	14.646	.
1926	4489242	0	13.198	.
1901	4336966	1	10.0858	.
1473	1351104	1	10.1642	.
1472	1351042	0	14.4999	.
1536	1698300	0	4.01213	.
2220	6811346	0	39.559	.
750	502413	0	41.9657	.
325	446204	1	7.79396	.
739	501935	0	71.0567	.
366	463553	0	37.4186	.
1029	515187	1	35.093	.
1819	3498120	0	3.47244	.
1818	3498109	1	1.36558	.
1629	2192847	1	0.173501	.
1630	2192858	0	0.595565	.
960	511982	0	13.4519	.
579	491190	0	131.495	.
719	500438	1	3.74235	.
495	483251	0	59.8641	.
775	503369	0	117.322	.
788	504125	0	91.0756	.
884	508761	0	1.344	.
2447	7200803	0	0.0856007	.
2444	7197610	1	0.922668	.
2446	7200802	1	5.3733	.
706	498851	0	34.369	.
237	438850	0	23.3126	.
377	466646	0	0.232836	.
640	495957	1	11.456	.
364	462795	1	0.63872	.
333	446479	0	37.0629	.
1022	514891	0	15.293	.
1374	1013028	1	1.63207	.
1475	1375381	1	2.10465	.
370	464766	0	43.5248	.
789	504180	1	52.711	.
791	504236	0	99.8683	.
1039	515588	1	1.99211	.
2254	6916813	1	4.41961	.
944	511039	0	0.203794	.
2255	6916817	0	0.706167	.
2257	6917017	0	3.92807	.
2256	6917013	0	10.4843	.
1804	3355190	0	4.68857	.
1813	3442930	1	3.01424	.
369	464430	0	3.75746	.
1805	3355191	0	4.94068	.
1814	3442931	1	0.210008	.
605	492925	1	7.20369	.
571	490620	1	2.90464	.
2391	7151251	1	10.845	.
1005	514010	0	5.89086	.
599	492160	1	28.0133	.
733	501228	0	18.3004	.
2506	7383708	1	2.8773	.
2516	7387746	0	2.66526	.
2505	7383591	0	3.5493	.
1045	515815	1	3.12504	.
2515	7387629	1	0.610989	.
1077	516895	0	107.649	.
442	476125	0	34.5536	.
1277	675383	0	40.3836	.
1276	675381	1	29.663	.
2438	7195142	1	301.638	.
2439	7195143	1	290.819	.
195	376333	1	70.2725	.
1190	520526	1	100.926	.
2252	6894990	0	4.98617	.
2075	6326318	1	1.57672	.
1278	710556	0	0	.
2457	7204664	1	47.4152	.
2458	7204665	1	33.5219	.
736	501687	1	1.90333	.
2459	7204666	0	7.5361	.
2460	7204667	0	3.85331	.
1681	2448874	1	4.68839	.
1680	2448871	0	3.20629	.
1682	2448875	1	0.285278	.
1679	2448870	1	13.4419	.
650	496377	0	15.6383	.
645	496300	1	10.7662	.
334	446492	0	0	.
2383	7135107	1	2.64827	.
754	502600	0	22.0462	.
544	486704	1	90.2322	.
609	493379	1	91.1761	.
482	482875	1	47.583	.
860	507369	0	132.58	.
1046	515828	1	146.259	.
959	511888	0	33.3907	.
580	491202	0	16.7314	.
1014	514524	0	38.617	.
1056	516176	0	71.8655	.
1721	2684130	1	6.67367	.
1731	2713658	0	9.04155	.
1884	4127377	1	3.12989	.
1882	4071007	0	9.42745	.
1881	4070987	0	53.9829	.
240	439243	0	22.2027	.
2282	6990144	0	1.48128	.
1220	521627	0	23.7751	.
1251	576275	0	76.2661	.
1252	576276	0	39.2087	.
1253	576277	0	2.53922	.
1250	576274	0	121.095	.
1020	514797	1	125.879	.
2280	6985380	1	60.0491	.
2281	6985381	1	10.2425	.
958	511791	0	1.72636	.
1608	2100574	0	0.141133	.
1229	521872	1	33.0979	.
274	441679	1	9.58663	.
758	503071	1	47.2367	.
1917	4446283	0	3.35565	.
1776	3058381	0	3.11112	.
1919	4446297	1	2.69258	.
1775	3058367	1	18.5077	.
1916	4446272	0	12.8934	.
1918	4446286	0	13.5534	.
1774	3058356	0	16.2914	.
2035	6016248	0	7.82259	.
2036	6016249	1	53.54	.
882	508567	0	23.351	.
93	1683	0	12.1299	.
169	335454	1	190.252	.
18	718	0	263.801	.
1592	2004494	1	0.060947	.
1585	1980839	0	0	.
746	502275	0	8.00871	.
829	506398	0	4.49339	.
1921	4464111	1	0.099637	.
1920	4464098	1	0.560111	.
1971	5039565	0	0.593867	.
912	509798	0	17.2333	.
1736	2734309	0	0.977757	.
1737	2734323	1	4.00748	.
883	508624	1	133.618	.
26	820	0	363.609	.
1130	518815	0	216.978	.
2077	6331854	0	0.521438	.
2081	6343974	1	20.2903	.
2080	6343896	0	10.4921	.
1401	1095517	0	5.31046	.
323	446182	1	11.716	.
223	434545	1	10.1885	.
163	317314	0	72.3238	.
491	483172	0	34.5261	.
598	492143	0	27.7257	.
1566	1914438	1	15.3128	.
1570	1928225	1	9.18621	.
1734	2733390	0	0.92295	.
1735	2733397	0	2.11445	.
1072	516707	1	24.9132	.
116	277679	0	62.3302	.
1671	2433581	1	18.0418	.
1756	2881801	0	2.03142	.
84	1560	0	2.07037	.
1762	2912817	1	0.082192	.
1760	2912807	0	0.191595	.
1484	1419944	1	0.0136007	.
1482	1419926	1	1.44388	.
1792	3193292	0	2.24271	.
987	513120	0	0	.
2354	7117666	1	21.4385	.
50	1076	0	0.190844	.
1339	892441	0	22.1659	.
1850	3797675	0	6.29664	.
1851	3797731	0	4.19453	.
1335	890227	1	11.2043	.
71	1420	1	1730.33	.
744	502159	1	55.9869	.
1787	3161696	0	1.08768	.
1907	4382914	1	0.710557	.
1786	3161688	1	4.05248	.
1906	4382906	0	3.74078	.
1967	4961817	1	3.21103	.
696	498456	0	8.23144	.
321	446113	0	4.3543	.
1697	2498198	0	1.19533	.
1523	1625498	1	1.2925	.
1696	2498167	1	2.10362	.
1427	1172343	0	6.38219	.
1387	1058430	0	8.21519	.
1388	1058431	0	11.2215	.
1426	1172332	0	19.4848	.
282	442245	1	41.6002	.
656	496432	0	42.8705	.
1542	1778127	1	16.7285	.
1547	1794054	1	2.88517	.
1541	1778126	1	4.70943	.
1548	1794055	1	4.34655	.
1294	767241	1	4.17047	.
1291	766110	1	1.86397	.
1293	767156	1	0.632178	.
1292	766195	1	2.58752	.
787	504112	1	10.29	.
502	483793	0	9.5879	.
1227	521852	1	201.555	.
554	487642	0	62.0839	.
2092	6377811	1	14.1213	.
2093	6377812	1	3.72013	.
2091	6377810	1	0.871311	.
1117	518418	0	0.542003	.
30	856	1	27.9998	.
286	442585	1	49.6265	.
863	507403	0	18.4451	.
2336	7070370	1	5.15825	.
2150	6574735	0	8.83819	.
80	1481	1	5.34078	.
2320	7053025	0	4.22055	.
2334	7065521	0	1.22136	.
2321	7053034	0	2.08701	.
2335	7065530	0	2.56952	.
1794	3220988	0	11.38	.
1221	521658	1	25.2322	.
56	1184	1	245.328	.
2100	6430026	0	18.2562	.
2101	6430027	1	16.038	.
832	506478	1	2.2747	.
1226	521825	1	11.151	.
620	494055	0	84.6206	.
720	500470	1	65.2777	.
20	745	0	48.149	.
1197	520736	1	78.4741	.
693	498406	1	67.1081	.
356	456137	1	0.431677	.
1392	1058512	1	7.87147	.
1424	1172330	0	4.50632	.
769	503311	0	37.8669	.
337	446600	0	3.87669	.
2027	5863811	1	15.9999	.
1990	5381136	1	12.0837	.
2421	7167759	1	1.442	.
204	417772	0	68.9619	.
141	287024	1	14.2512	.
203	399342	0	23.4227	.
1924	4470656	0	1.18197	.
1897	4318920	1	8.46749	.
1925	4470657	1	19.49	.
1896	4318919	0	16.7149	.
1923	4470652	0	1.29469	.
1922	4470651	0	17.1735	.
420	472510	0	3.20279	.
1898	4318924	0	4.98038	.
1899	4318925	0	3.90928	.
2185	6681998	0	0.51595	.
2186	6681999	0	2.03115	.
2189	6699650	1	0.857162	.
2190	6699653	0	7.39003	.
350	452064	0	7.72763	.
557	488171	0	35.2239	.
1127	518734	0	13.7706	.
2042	6057381	0	20.5124	.
2030	5955612	0	23.673	.
2040	6057364	1	12.6625	.
2032	5955629	1	14.4798	.
585	491699	1	96.6543	.
393	469630	1	80.2986	.
1467	1336552	1	6.64375	.
1466	1329827	1	1.40204	.
1465	1329802	1	1.99571	.
1121	518556	1	48.6565	.
878	508314	0	135.971	.
1930	4529392	0	17.0304	.
1773	3046411	0	3.94229	.
1147	519299	1	0.438015	.
1183	520385	1	127.37	.
1685	2469988	1	0.00339443	.
2225	6816961	0	11.5223	.
2227	6816995	0	8.88751	.
2231	6828319	0	7.94171	.
663	496711	1	12.3185	.
644	496228	1	69.277	.
1013	514446	1	0.218303	.
1262	598696	0	0	.
1902	4354647	0	6.07663	.
1815	3480369	1	7.32549	.
1108	518275	0	216.835	.
294	443339	1	25.8226	.
622	494299	0	67.0154	.
1131	518833	1	367.473	.
136	285376	1	12.6548	.
256	441231	1	9.71836	.
1324	836281	0	0	.
731	501148	0	62.749	.
614	493728	0	78.9568	.
47	1040	0	155.428	.
1106	518046	0	22.7062	.
154	300488	0	44.7361	.
722	500598	0	14.5264	.
1688	2488096	1	10.3646	.
1689	2488103	1	10.0212	.
389	469443	0	12.1833	.
2466	7207775	1	48.7665	.
2465	7207774	1	6.19225	.
616	493976	0	27.033	.
1690	2492507	1	42.903	.
1693	2497867	1	67.7407	.
1691	2492537	0	69.0042	.
1692	2497837	0	89.1061	.
1267	607392	1	1.74617	.
857	507311	1	143.768	.
460	481125	0	47.3895	.
1037	515539	0	115.747	.
879	508321	0	63.0594	.
2341	7089173	0	0	.
383	467653	0	45.0351	.
291	442670	1	4.208	.
867	507562	0	114.399	.
705	498846	0	23.2264	.
126	284034	0	0	.
549	487141	1	153.894	.
394	469666	1	257.29	.
162	316073	0	51.4956	.
1751	2864686	0	2.70314	.
1476	1377808	0	8.3356	.
957	511755	1	25.7118	.
510	484626	0	17.8388	.
15	660	1	69.4105	.
1806	3367982	0	0.0035327	.
1801	3274100	0	21.2487	.
528	486267	0	54.4546	.
2241	6861701	0	17.0238	.
1199	520745	1	42.0672	.
543	486683	1	19.7821	.
773	503342	1	1.4488	.
51	1084	0	51.9987	.
2350	7098054	0	0.00655338	.
681	498103	0	315.941	.
197	377128	0	92.3661	.
363	462575	0	1.69086	.
448	477821	1	64.3411	.
869	507639	0	31.2343	.
1508	1581729	0	6.96289	.
1509	1590095	0	14.3348	.
1507	1581720	0	32.0447	.
1154	519516	0	7.71112	.
128	284360	1	0.10966	.
592	492045	1	157.403	.
523	485929	1	255.204	.
127	284173	0	141.643	.
474	482121	0	68.2248	.
973	512535	0	41.1728	.
1210	521287	1	395.314	.
113	274694	1	112.633	.
1962	4956819	1	6.49442	.
2001	5639635	0	0.937394	.
1146	519290	0	7.397	.
173	364283	0	0.8759	.
231	438045	1	4.41174	.
728	500926	0	0	.
2413	7164280	1	48.7803	.
67	1374	0	4.09352	.
2411	7164160	1	23.3222	.
41	1007	0	56.0051	.
630	495497	1	22.3288	.
859	507353	0	4.39312	.
2272	6963002	0	3.27929	.
2273	6963115	0	0.640956	.
312	445688	0	0.292109	.
466	481600	0	57.2072	.
1271	626144	1	5.85926	.
1275	671452	1	6.78896	.
1158	519731	1	451.274	.
1167	519918	1	525.889	.
138	285589	0	9.78443	.
260	441413	0	0	.
572	490686	1	18.6475	.
492	483188	0	12.5068	.
503	483892	0	82.1376	.
844	506917	1	295.389	.
1008	514104	0	19.1997	.
463	481305	0	2.95994	.
1181	520338	1	15.3576	.
2408	7161758	1	3.12012	.
2410	7161761	1	92.4911	.
2409	7161760	1	113.201	.
461	481209	0	12.7662	.
968	512425	1	8.88159	.
861	507378	1	139.677	.
408	470346	0	41.5648	.
770	503319	0	88.8147	.
1515	1601532	0	0	.
1123	518592	1	5.20805	.
1078	516983	1	140.145	.
1016	514746	0	158.805	.
849	507022	0	130.833	.
511	484718	0	42.0488	.
362	462524	0	46.6791	.
506	484406	1	61.2447	.
149	294391	0	33.5935	.
1076	516858	0	68.0904	.
1724	2697680	0	7.77923	.
2168	6642744	0	0	.
2407	7157269	1	3.4514	.
1186	520426	0	1.86206	.
2405	7157106	1	10.3284	.
2406	7157268	1	5.09126	.
784	504070	0	8.31427	.
853	507209	1	5.70673	.
222	434290	0	0.177971	.
741	501970	1	1.98425	.
697	498522	1	5.46732	.
202	378633	0	44.4723	.
1157	519636	1	145.774	.
679	497975	0	38.7316	.
1383	1051572	1	22.2646	.
1367	986615	0	1.93477	.
1936	4622480	0	0	.
2098	6420273	0	4.42959	.
1105	518031	0	25.9755	.
298	443586	1	53.6181	.
1457	1269441	0	7.94722	.
1651	2309657	1	1.15427	.
1614	2131233	0	1.22543	.
1613	2131211	0	2.20691	.
95	1704	1	120.83	.
924	510248	0	119.51	.
1412	1125233	1	26.4605	.
1409	1125188	1	13.2386	.
1410	1125190	1	1.74644	.
1408	1125187	0	4.17123	.
1411	1125191	0	22.5966	.
1085	517335	1	57.5437	.
299	443627	0	52.4799	.
667	497062	0	22.0309	.
1830	3540973	0	0.21184	.
576	491038	0	70.349	.
49	1075	1	718.096	.
39	985	1	552.975	.
2342	7095520	1	4.1362	.
627	495040	0	8.57013	.
1454	1258368	1	7.21646	.
1455	1258369	1	6.8675	.
1456	1269440	1	2.47927	.
46	1034	0	26.1057	.
419	472225	0	0.601142	.
966	512287	1	68.5533	.
2	412	0	666.906	.
1499	1493179	0	5.88327	.
1415	1132718	0	4.13517	.
1498	1493150	1	10.6961	.
1416	1132747	1	11.9622	.
577	491149	0	0	.
1439	1203503	0	5.40286	.
1438	1203502	0	0.761456	.
660	496550	1	574.033	.
626	494965	0	626.299	.
570	490547	1	130.132	.
1090	517457	0	13.8483	.
33	867	0	126.085	.
1654	2334082	0	1.92974	.
1612	2125212	0	4.16648	.
1611	2125174	0	4.42894	.
1655	2334120	0	9.68605	.
683	498151	1	402.437	.
475	482313	0	37.6005	.
2518	7475852	1	33.6059	.
2517	7461060	0	88.4649	.
2519	7475853	0	34.9028	.
1162	519821	0	58.9575	.
811	505344	1	11.1423	.
1310	813296	1	1.37615	.
1988	5358702	1	2.83553	.
2006	5661786	1	2.33422	.
1989	5358703	1	1.10956	.
2004	5661760	1	2.12261	.
406	470114	1	26.3509	.
799	504785	0	20.9888	.
2369	7121709	0	15.9662	.
2368	7121708	0	21.8684	.
1041	515787	0	42.4902	.
1050	515972	1	20.8231	.
43	1021	1	817.399	.
1061	516361	1	501.932	.
1827	3513896	0	2.63201	.
1800	3270350	1	0.810104	.
1203	521013	1	7.86744	.
458	479748	0	7.89333	.
1448	1224031	0	0.704427	.
91	1648	0	62.9199	.
210	431475	1	368.482	.
220	433456	0	365.491	.
311	445553	0	0	.
2090	6372323	1	0.0271258	.
77	1451	1	206.357	.
486	483007	0	1.7897	.
100	41159	0	2.08524	.
893	509138	0	132.458	.
1196	520717	0	28.6954	.
1799	3270323	1	3.11102	.
1826	3513871	0	14.4035	.
494	483228	1	110.296	.
1017	514781	0	36.5906	.
2056	6201208	1	38.3322	.
1170	520059	0	43.694	.
1141	519209	1	6.0352	.
2497	7252868	0	16.2817	.
2500	7256301	0	18.8735	.
2499	7256194	0	25.7237	.
2498	7252975	0	26.4038	.
1057	516180	0	7.0321	.
54	1120	1	58.9527	.
989	513158	1	43.0319	.
224	434870	1	2.20703	.
920	510106	1	12.3823	.
175	365411	1	23.9626	.
206	427255	0	1.69289	.
874	508074	0	53.9813	.
695	498447	1	126.933	.
1150	519391	0	98.5406	.
923	510237	0	28.9582	.
1002	513952	0	103.813	.
642	496114	0	1.57133	.
512	484729	0	49.1269	.
771	503321	0	59.3594	.
1518	1621134	1	16.7931	.
455	479040	0	6.52285	.
72	1421	1	264.603	.
384	467688	1	48.2356	.
931	510546	0	2.1624	.
671	497193	0	76.0358	.
1042	515788	1	295.961	.
2502	7296404	1	17.1914	.
713	500051	0	2.29429	.
2501	7296296	1	24.176	.
2504	7296832	0	0.544075	.
427	474479	0	3.3945	.
99	1825	1	3.51189	.
2351	7110255	0	3.12728	.
1033	515435	1	6.41634	.
1063	516397	1	3.92256	.
1450	1238973	0	2.89345	.
998	513822	0	0	.
167	335442	0	0	.
646	496304	1	152.387	.
252	440869	1	172.056	.
1567	1915866	0	0.674532	.
1381	1035650	1	0.0385288	.
1568	1915872	1	1.35713	.
1380	1035632	0	1.41343	.
800	504805	1	17.064	.
868	507585	1	38.0463	.
1525	1658207	0	3.54746	.
1577	1958296	1	11.5743	.
1578	1958297	0	1.23234	.
1580	1958310	1	1.34112	.
1524	1658206	0	4.60661	.
1579	1958300	0	8.87934	.
1526	1658210	1	0.145333	.
500	483660	1	1.52494	.
65	1355	0	20.0986	.
1637	2223998	1	0.506279	.
1944	4651105	0	6.08167	.
999	513830	0	24.3702	.
951	511515	0	25.9201	.
915	509899	1	137.155	.
1087	517420	0	31.7724	.
559	488311	1	28.3819	.
1985	5324414	1	8.72693	.
1502	1518143	0	0.327573	.
1469	1336591	0	9.49673	.
1503	1518152	0	9.9351	.
1646	2263097	0	0	.
2379	7135063	0	3.31073	.
2378	7135058	0	3.30905	.
6	438	0	614.753	.
481	482872	0	3.59228	.
193	376065	0	8.66466	.
2325	7059299	0	5.96944	.
2328	7060612	1	28.114	.
2324	7059239	1	16.4084	.
2323	7059231	1	1.60704	.
2329	7060681	0	21.8509	.
2327	7060552	1	15.7257	.
2326	7059369	1	2.18805	.
563	488700	0	27.5371	.
309	445195	0	2.5777	.
234	438652	1	4.50134	.
909	509764	1	88.2036	.
2495	7237627	0	33.862	.
2492	7237456	0	30.5667	.
2491	7237315	0	18.7319	.
2496	7237768	0	24.4633	.
862	507384	1	6.01474	.
230	438041	0	8.84441	.
462	481229	0	2.73613	.
2162	6626362	0	5.10651	.
2174	6659928	0	3.37372	.
2161	6626285	0	0.23681	.
2175	6660008	1	0.58744	.
2166	6641441	1	153.198	.
2167	6641495	1	197.534	.
1035	515510	1	182.827	.
1205	521129	1	116.399	.
2177	6662807	1	26.9455	.
2180	6662970	0	16.1127	.
2176	6662806	0	4.97775	.
2179	6662813	1	4.80045	.
1389	1058436	1	21.2962	.
1429	1172412	1	19.37	.
537	486576	0	6.18551	.
62	1304	1	8.07425	.
2362	7121342	0	49.6317	.
117	279038	0	87.5534	.
254	441083	1	27.748	.
2376	7130750	0	56.8811	.
150	294434	1	40.5014	.
530	486291	1	28.5766	.
2377	7130752	0	0	.
1091	517547	1	9.65823	.
908	509678	0	17.6117	.
434	475423	0	41.8635	.
899	509470	0	119.31	.
790	504216	1	17.4835	.
1135	518859	0	94.9173	.
2192	6699981	1	21.7294	.
2191	6699980	1	26.4842	.
2194	6699983	1	29.0801	.
2193	6699982	1	25.7327	.
588	491898	1	18.4554	.
239	439046	0	11.1007	.
97	1786	1	89.3502	.
876	508186	1	19.9388	.
2422	7169128	1	28.4706	.
1375	1013029	0	13.8827	.
1369	1009011	1	10.9922	.
825	506072	1	113.201	.
527	486203	1	172.35	.
1204	521025	1	147.536	.
2019	5757758	0	11.5068	.
1973	5143408	0	10.0016	.
2017	5757756	1	21.6582	.
1974	5143409	1	21.5942	.
1977	5143425	0	0.259075	.
2016	5757755	1	22.3365	.
1978	5143428	0	28.5135	.
2021	5757777	1	1.57086	.
828	506369	0	0	.
1821	3499465	0	1.84817	.
818	505743	0	0	.
1909	4382955	1	3.74533	.
61	1300	0	0	.
2205	6727646	0	1.01409	.
2206	6727647	0	11.2501	.
2196	6702742	0	2.72463	.
28	829	0	132.657	.
1120	518505	0	560.846	.
22	771	0	898.163	.
1216	521413	0	33.9556	.
1730	2713656	0	6.02633	.
1720	2684128	0	4.88777	.
101	81911	1	38.7864	.
354	454554	0	56.9274	.
457	479745	0	13.1617	.
2103	6444763	1	1.99614	.
2105	6444765	0	4.67501	.
2104	6444764	0	8.65062	.
831	506446	0	70.4617	.
443	476139	0	19.8592	.
2426	7174881	1	4.03499	.
2425	7173118	1	7.84578	.
2424	7173077	1	2.80133	.
1351	948382	0	0.993312	.
2359	7120683	1	1.44997	.
2358	7120682	1	2.80889	.
1652	2317628	0	3.32057	.
1616	2132360	0	1.02115	.
1615	2132354	0	0.558973	.
1653	2317629	0	0.818733	.
1307	790397	0	5.7087	.
796	504676	0	2.03706	.
1234	522126	0	59.2281	.
759	503101	0	42.143	.
2453	7204095	1	27.8253	.
981	512745	1	201.563	.
407	470156	0	28.531	.
1368	1009010	0	22.6408	.
1370	1009018	0	1.40862	.
1376	1013036	0	9.45884	.
205	426682	1	40.6445	.
777	503450	1	281.676	.
1849	3789650	0	0.690234	.
673	497353	0	228.756	.
848	507007	1	381.637	.
840	506775	1	121.436	.
1569	1915884	1	0.00636875	.
1137	519105	0	4.00104	.
1992	5407935	1	0.00691306	.
2310	7048477	0	5.66802	.
2312	7048743	0	2.52337	.
2309	7048475	0	4.27488	.
1222	521679	1	12.2475	.
477	482804	1	159.439	.
355	455133	1	67.9472	.
872	507872	0	24.406	.
1545	1786361	0	6.27017	.
1597	2048630	0	6.79712	.
1599	2048632	1	5.20683	.
1600	2048633	1	4.60069	.
1546	1786363	0	10.246	.
1544	1786360	0	6.96299	.
1598	2048631	1	2.37314	.
1847	3766947	0	7.25524	.
1835	3599704	0	46.7201	.
145	293271	0	6.7669	.
1836	3599708	0	13.4407	.
1846	3766946	1	1.01334	.
801	504978	1	18.7632	.
493	483223	0	67.0534	.
86	1598	1	224.126	.
805	505115	1	69.0188	.
2293	7016588	0	15.1023	.
2292	7016587	0	5.978	.
2291	7016586	0	2.41712	.
786	504100	1	40.7422	.
1444	1212657	0	75.7787	.
1443	1212656	0	42.0825	.
2236	6842797	0	32.5057	.
2235	6842796	0	51.5472	.
833	506628	1	35.6791	.
812	505359	1	29.7969	.
665	496826	0	0.297793	.
360	461999	0	4.27784	.
1932	4531014	0	1.00483	.
2007	5661789	1	0.146413	.
470	481771	0	15.7079	.
1152	519434	0	64.7995	.
1834	3599703	1	31.725	.
1845	3766945	0	3.56824	.
1844	3766944	0	6.93616	.
838	506733	0	140.37	.
916	509913	1	124.064	.
2025	5804465	0	0.952516	.
1959	4943652	0	8.79375	.
1960	4943653	1	12.1585	.
2024	5804464	1	2.9861	.
1451	1242165	0	0.933938	.
283	442383	1	46.1898	.
319	446103	0	20.9204	.
2117	6457870	1	8.59354	.
2114	6455811	1	9.01226	.
2115	6455816	1	19.8434	.
2116	6457865	1	22.0129	.
2456	7204235	1	70.7066	.
2454	7204166	0	87.7525	.
447	477791	1	2.41908	.
2455	7204168	0	2.90848	.
612	493647	1	14.0892	.
1021	514875	0	2.91201	.
756	503040	0	37.2096	.
2437	7189933	1	22.8393	.
2436	7189930	1	27.1535	.
146	293476	1	197.998	.
191	375604	0	156.655	.
247	439906	1	20.9464	.
2184	6667741	1	39.6476	.
2173	6658428	1	39.8481	.
1175	520180	0	10.1176	.
1136	518876	0	109.714	.
1132	518836	0	186.055	.
37	954	1	1044.43	.
21	755	0	876.809	.
851	507172	1	10.808	.
1272	668533	1	20.4482	.
2389	7150890	1	0.303151	.
934	510590	0	26.2541	.
166	335425	1	0.260183	.
561	488619	1	40.0483	.
2463	7207669	0	0.142624	.
2464	7207673	0	5.21761	.
200	378532	0	2.74557	.
649	496373	0	24.8265	.
925	510257	0	1.59181	.
341	446719	1	24.9817	.
340	446707	0	58.1264	.
1138	519150	0	26.9801	.
23	809	1	68.8404	.
700	498776	1	109.823	.
2295	7023980	1	9.71258	.
888	508894	0	0.110826	.
2296	7023981	1	3.51642	.
2297	7023982	0	0.72104	.
2298	7023983	0	12.8334	.
87	1602	1	72.1972	.
396	469874	0	2.03005	.
1856	3881852	0	1.60755	.
1743	2794962	0	0.501442	.
208	429292	1	0.936976	.
1857	3881857	1	1.46594	.
1744	2794967	1	2.03259	.
962	512066	0	31.8015	.
764	503247	1	38.5748	.
174	365383	0	12.5601	.
847	506987	1	152.001	.
984	512886	0	126.135	.
1274	670453	1	68.2478	.
1273	670393	1	23.3492	.
1073	516718	0	0	.
2127	6465837	0	1.87612	.
2134	6491071	0	3.60229	.
2128	6465839	0	1.42599	.
2133	6491069	1	5.93281	.
124	283962	0	13.3336	.
217	433152	1	13.5338	.
652	496389	1	92.0375	.
734	501491	0	292.514	.
1727	2709265	0	5.75911	.
1722	2690258	1	9.54624	.
1723	2690259	1	6.82536	.
1726	2709264	0	1.25548	.
648	496333	0	6.82664	.
478	482838	1	5.22645	.
437	475689	1	9.89337	.
589	491901	1	6.1235	.
1948	4666737	0	1.08453	.
914	509879	0	154.712	.
517	485171	1	119.61	.
483	482892	0	144.145	.
1081	517151	1	269.416	.
498	483650	1	360.788	.
809	505240	1	237.694	.
349	451849	1	79.4941	.
1445	1216022	0	1.00386	.
635	495682	0	0	.
834	506669	1	38.1071	.
108	245802	0	1.44776	.
187	375540	1	117.555	.
409	470474	1	22.463	.
2286	7010509	1	6.00576	.
1018	514783	0	0.249597	.
1531	1674401	0	17.0796	.
1534	1688442	0	11.2232	.
1530	1674388	1	12.6715	.
1535	1688455	1	13.8931	.
1364	982302	1	12.9618	.
903	509564	1	680.929	.
135	285374	1	628.84	.
1803	3322295	1	1.93173	.
1802	3322288	0	2.63124	.
1934	4531645	0	7.53847	.
1933	4531638	1	3.55159	.
76	1447	0	2626.67	.
1224	521746	0	198.258	.
974	512548	0	21.2231	.
2248	6887737	1	7.49826	.
2462	7207463	1	1.03263	.
1397	1082739	0	6.0466	.
1396	1082738	0	6.52552	.
2301	7038408	0	23.3822	.
688	498338	1	44.0571	.
346	450525	0	24.1481	.
702	498811	1	166.027	.
2307	7048299	0	13.0272	.
2306	7048294	1	40.3486	.
845	506927	0	70.0861	.
675	497563	0	24.3868	.
659	496522	0	95.6662	.
315	445984	1	14.8748	.
814	505553	0	61.3694	.
199	378475	1	16.7677	.
568	490120	0	57.4685	.
473	482105	0	430.657	.
253	440952	0	203.385	.
1695	2498165	1	12.6466	.
142	288197	1	50.409	.
489	483052	0	153.749	.
798	504754	1	65.9026	.
2482	7213443	0	21.349	.
2481	7213442	0	18.165	.
1080	517088	1	90.009	.
727	500917	0	60.4703	.
1114	518343	1	8.76682	.
575	490922	0	10.5785	.
1892	4227429	1	5.51236	.
1870	4018386	1	5.07175	.
1869	4018363	1	0.0763239	.
1893	4227452	0	0.713474	.
358	460185	1	25.5018	.
226	436506	1	20.313	.
190	375601	1	42.0211	.
376	465647	1	5.18344	.
225	435068	0	33.249	.
776	503425	0	82.6401	.
1941	4649296	0	1.55867	.
1180	520319	1	83.4321	.
1122	518570	1	35.0967	.
2435	7189929	0	28.8518	.
2299	7033331	1	0.602065	.
2387	7150749	1	7.10554	.
1111	518300	0	55.8198	.
357	457521	1	27.0412	.
1317	817190	0	25.2921	.
1118	518435	0	0	.
1528	1665335	1	8.49303	.
264	441473	0	2.04924	.
1529	1665337	1	2.1126	.
418	472202	1	18.2539	.
262	441438	1	121.238	.
602	492470	1	542.857	.
745	502160	1	666.38	.
249	440401	1	36.051	.
1586	1986569	1	0.879265	.
1048	515921	1	79.2432	.
430	475199	1	44.6638	.
1485	1419946	0	2.17603	.
1995	5515601	0	1.49422	.
1966	4961795	1	20.0265	.
1996	5515619	1	23.6854	.
1968	4961835	0	4.75224	.
1965	4961777	0	3.7014	.
1994	5515579	1	8.65476	.
1993	5515561	0	10.077	.
921	510109	1	7.09493	.
490	483092	0	76.577	.
1309	796636	0	5.11162	.
637	495809	1	0.901588	.
53	1113	0	73.0974	.
1912	4399766	0	0.00973366	.
1283	731703	0	0.616684	.
943	511027	1	9.97822	.
1053	516026	1	38.6639	.
2028	5878678	1	0.0018355	.
707	499388	0	46.0621	.
1036	515518	0	100.721	.
1279	714727	1	83.444	.
1280	714742	1	53.577	.
347	450631	0	45.6242	.
631	495528	0	71.374	.
830	506419	0	29.7738	.
2346	7095774	1	18.2238	.
2347	7095775	1	10.34	.
639	495888	0	397.161	.
368	464397	0	430.367	.
1168	519927	1	196.162	.
1185	520415	1	43.9541	.
2442	7197572	0	23.1224	.
2443	7197578	0	1.84838	.
2445	7197616	0	1.68188	.
822	505920	0	0.759029	.
1004	514008	1	73.9994	.
402	470024	0	21.1335	.
1647	2267946	0	12.4013	.
1634	2221144	1	12.4908	.
2217	6806394	0	6.39488	.
710	499915	1	113.491	.
653	496390	0	150.858	.
1006	514036	1	184.227	.
716	500136	1	111.976	.
636	495800	1	81.6573	.
391	469579	0	99.1276	.
1414	1131829	1	19.5679	.
701	498784	1	3.81559	.
1112	518310	1	1791.71	.
1129	518805	0	2046.4	.
7	465	1	28.5997	.
1963	4961506	1	6.61805	.
2015	5744225	1	3.99209	.
1964	4961507	1	0.626767	.
2014	5744222	0	1.57198	.
1510	1593442	1	2.09877	.
1673	2436672	0	1.02394	.
1674	2436676	1	1.25182	.
271	441571	1	4.93593	.
1301	772691	1	1.2997	.
441	476043	0	0	.
1648	2269613	0	0.964289	.
328	446342	1	1.74627	.
525	486045	0	49.9592	.
488	483022	1	34.9699	.
1265	605210	0	4.95498	.
1266	605211	1	4.59746	.
2308	7048473	0	43.0603	.
2311	7048741	0	38.4475	.
1833	3561408	1	33.8063	.
1797	3269337	1	26.8462	.
917	509947	1	47.9313	.
1230	521879	1	4.27856	.
2207	6727651	0	9.24483	.
2251	6894167	1	89.8513	.
2250	6894166	1	76.7634	.
2249	6894164	1	3.17175	.
542	486682	0	72.0951	.
761	503170	1	219.744	.
178	366385	0	24.6525	.
593	492053	1	98.3402	.
1334	890226	0	0.31675	.
1338	892440	0	1.24144	.
1297	768120	0	20.4333	.
1054	516053	0	0.0203106	.
1295	768078	0	19.61	.
1875	4046736	0	4.82186	.
2480	7212915	1	259.079	.
2477	7212910	1	305.575	.
2478	7212911	1	170.26	.
2479	7212914	1	131.626	.
618	494001	0	0.61243	.
17	688	0	9.28739	.
1268	607465	1	12.0772	.
689	498345	0	33.7518	.
991	513240	1	242.162	.
263	441447	0	22.6627	.
1223	521734	0	11.5995	.
1149	519376	0	0	.
1049	515931	0	0	.
1382	1050855	1	1.14509	.
837	506730	0	40.075	.
820	505781	1	25.0786	.
1885	4176357	1	1.55113	.
670	497167	0	1.16868	.
186	375431	1	25.4982	.
2302	7038413	1	26.6707	.
302	443931	1	10.9322	.
2300	7037253	0	18.7117	.
919	510057	0	0	.
1126	518691	1	151.394	.
258	441290	1	74.5972	.
31	857	1	165.645	.
1115	518344	1	61.8417	.
1164	519829	0	187.044	.
969	512464	1	178.601	.
1012	514309	1	0.881234	.
1142	519211	1	10.4306	.
487	483008	1	59.538	.
422	472577	1	47.2878	.
16	666	1	141.153	.
104	211882	1	39.0561	.
1459	1288687	1	73.3374	.
1458	1288686	0	9.24908	.
587	491836	0	60.9203	.
938	510838	1	68.8344	.
1603	2060775	1	1.1626	.
1594	2027769	1	0.141991	.
1593	2027743	0	0.617675	.
1423	1171555	1	6.57392	.
1422	1171554	1	7.42796	.
2267	6955532	0	25.3367	.
740	501968	0	112.931	.
1089	517427	1	77.715	.
836	506692	0	40.8785	.
785	504083	1	60.9851	.
2404	7157105	1	120.869	.
982	512748	1	131.65	.
2110	6448087	0	23.1859	.
2107	6448084	0	59.8877	.
2108	6448085	0	54.9176	.
2109	6448086	0	14.2316	.
410	470829	1	61.9733	.
747	502338	1	36.3506	.
2514	7386129	1	0.245961	.
392	469614	0	0	.
2118	6459200	0	0.0588806	.
509	484502	1	61.3227	.
1070	516644	1	225.185	.
601	492401	1	68.251	.
1107	518126	0	75.9424	.
1677	2446042	0	6.08164	.
1678	2446140	0	5.06736	.
708	499628	1	28.1968	.
1023	514893	0	134.765	.
552	487256	0	92.127	.
1144	519244	1	116.222	.
1201	520795	1	108.778	.
1958	4847668	0	0.18916	.
877	508291	1	43.0459	.
211	431699	1	120.926	.
242	439367	1	25.8971	.
2430	7178221	0	15.9824	.
1178	520275	1	0.21852	.
2429	7178219	0	15.293	.
2428	7178218	1	6.75398	.
451	478008	0	0.0239333	.
2038	6017120	1	53.8514	.
268	441550	0	82.383	.
1068	516609	0	7.14655	.
897	509378	1	100.923	.
516	484786	0	100.287	.
1394	1078522	0	12.5729	.
1395	1078523	0	7.65447	.
69	1404	0	106.27	.
88	1603	1	219.416	.
937	510805	1	96.7371	.
1207	521193	0	473.287	.
456	479229	0	12.8055	.
1769	2980386	1	1.66445	.
1770	2980407	1	48.1638	.
826	506171	0	89.9824	.
2263	6946169	0	3.37573	.
36	945	1	4.7729	.
2262	6946168	0	9.54427	.
2264	6946170	1	8.25085	.
404	470042	0	0	.
144	293270	1	157.758	.
81	1491	0	268.243	.
1561	1882910	0	0.076452	.
1435	1197002	1	5.00123	.
1431	1179190	0	5.52492	.
1430	1179153	0	3.00539	.
1434	1196965	0	4.78171	.
672	497217	1	35.2323	.
569	490517	0	0.843811	.
515	484771	0	13.8875	.
1269	622432	1	5.66011	.
1270	622463	1	4.34117	.
1236	547209	0	16.3632	.
1235	547208	1	15.3858	.
1025	515018	1	179.424	.
153	296878	0	48.0482	.
444	477704	1	61.3096	.
890	508975	1	331.425	.
1961	4956818	0	33.512	.
2002	5639637	1	1.38036	.
2152	6582237	0	66.1559	.
2151	6581887	0	67.0455	.
942	510988	1	56.0081	.
1064	516450	0	90.1474	.
615	493733	1	0.610064	.
901	509491	0	0	.
1305	773163	0	13.443	.
1299	772637	0	12.1658	.
1303	773109	1	2.63094	.
1298	772633	1	17.7941	.
1302	773105	0	33.8596	.
1300	772687	0	30.0576	.
1304	773159	1	35.2664	.
3	414	0	49.2301	.
133	285313	1	13.1371	.
1088	517424	1	4.51426	.
1564	1904557	1	47.2515	.
1565	1904637	1	15.3659	.
1379	1035295	1	8.40922	.
1393	1060500	0	2.46077	.
1182	520379	1	65.9268	.
367	463980	1	119.593	.
1333	871609	1	10.0758	.
1361	952084	0	2.35104	.
1360	952083	1	1.85593	.
1332	871607	0	0.970039	.
1617	2139846	1	0.887688	.
1644	2259944	0	0.69065	.
1645	2260004	1	0.157623	.
1618	2139847	1	6.38722	.
1184	520389	0	23.9968	.
121	283737	0	11.1606	.
797	504748	1	16.8334	.
292	442912	0	15.8878	.
83	1540	1	23.5316	.
1097	517819	1	5.68966	.
1987	5344193	0	2.26887	.
2012	5685835	1	4.25429	.
2013	5685851	1	6.34204	.
2371	7122078	1	15.8404	.
1010	514128	1	22.2314	.
793	504469	0	82.6056	.
1533	1687959	0	48.6316	.
1532	1687944	0	0.455676	.
1915	4427637	1	1.49026	.
1914	4427622	1	1.78544	.
2120	6459202	0	1.27483	.
967	512385	1	0.775556	.
2140	6507249	0	0.474456	.
2139	6507248	0	1.00679	.
2121	6459203	0	0	.
183	372431	0	3.71951	.
970	512466	0	23.1921	.
1728	2709654	0	0.366344	.
1729	2709655	0	3.80574	.
1246	573692	0	0.575607	.
1247	573693	0	23.7422	.
1233	521995	0	65.8224	.
955	511721	1	46.3922	.
238	438944	1	1.25578	.
446	477787	1	0.833633	.
244	439446	0	0.0287111	.
2433	7183530	0	2.49185	.
1506	1529242	1	1.16146	.
2434	7187193	0	1.42726	.
44	1025	0	11.1112	.
2197	6713225	0	0.0413537	.
1767	2960188	0	14.8715	.
1766	2949452	0	15.6648	.
1768	2960244	1	21.984	.
1765	2949395	1	23.5459	.
865	507532	1	50.1977	.
583	491570	0	29.7099	.
617	493997	0	15.6374	.
2085	6354477	0	5.42699	.
2082	6345248	0	3.73786	.
2084	6354476	1	7.38593	.
2083	6345249	1	6.53817	.
1559	1863981	0	2.01884	.
946	511153	1	107.058	.
721	500501	1	107.011	.
729	500993	1	44.9131	.
526	486141	0	19.7074	.
58	1207	1	158.412	.
1192	520575	0	382.82	.
2044	6161308	1	9.17738	.
2045	6161310	0	9.48882	.
2046	6165040	0	4.88135	.
2047	6165042	1	0.309602	.
852	507185	0	6.82699	.
123	283947	1	28.7652	.
1212	521360	0	6.62483	.
2070	6309001	1	42.5741	.
2069	6309000	1	16.8771	.
118	281741	0	19.4681	.
780	503518	1	35.0358	.
1391	1058444	1	11.3629	.
1425	1172331	1	2.00931	.
505	484336	0	0.356682	.
1174	520167	0	150.287	.
165	335325	1	0.00712902	.
331	446401	1	3.94147	.
1176	520186	0	12.4044	.
1213	521380	0	25.9408	.
471	481781	0	217.87	.
839	506744	1	110.703	.
345	448796	1	24.7393	.
1028	515163	1	262.923	.
965	512251	1	185.652	.
611	493472	0	70.506	.
954	511548	1	87.1867	.
2483	7218814	0	20.6407	.
2484	7218886	1	1.09956	.
1581	1961647	1	1.38189	.
1587	1986570	1	9.13462	.
655	496399	0	0.411877	.
1582	1961648	0	5.3171	.
1816	3492925	0	1.06178	.
1024	515011	1	14.6106	.
161	315830	1	139.294	.
198	377372	1	78.6927	.
2160	6623756	1	0.487044	.
2159	6623729	1	1.08806	.
927	510286	1	271.532	.
90	1645	1	312.336	.
2355	7118902	1	4.85138	.
2356	7118903	1	8.60523	.
2357	7118905	1	20.1742	.
290	442621	0	97.996	.
215	432726	1	19.5961	.
1109	518283	0	130.209	.
119	283246	1	120.754	.
2382	7135067	1	18.2197	.
2380	7135064	1	183.932	.
1208	521210	0	1.789	.
2381	7135066	1	39.2291	.
521	485797	1	256.863	.
766	503251	0	87.4524	.
386	468836	0	19.3452	.
910	509783	0	70.7402	.
1113	518322	0	157.55	.
75	1444	0	496.909	.
1487	1422551	1	23.6918	.
1488	1444834	1	19.7406	.
1486	1422512	0	0.878031	.
1489	1444873	0	1.87569	.
514	484764	0	0	.
1900	4332260	1	9.17299	.
1928	4490788	0	9.57324	.
388	469389	0	73.2139	.
1163	519822	0	45.6921	.
1133	518845	1	57.8424	.
1119	518460	1	124.321	.
1981	5160697	0	9.88531	.
1497	1477204	0	3.07928	.
1493	1466069	0	3.25118	.
578	491154	1	94.435	.
411	470961	0	296.463	.
548	487042	0	17.5923	.
103	207991	1	15.3384	.
348	451040	1	16.5197	.
2253	6905042	1	0.52182	.
351	452779	0	42.7543	.
381	467111	1	33.819	.
241	439292	1	0.341028	.
821	505897	0	0.229906	.
277	441709	0	17.2766	.
59	1267	0	621.917	.
25	811	0	88.5578	.
1094	517746	0	11.596	.
359	461874	1	32.7178	.
529	486286	0	37.2142	.
2033	6007731	1	4.06904	.
2034	6007740	1	5.54662	.
137	285579	0	7.3587	.
886	508804	1	33.6721	.
459	480530	0	7.01109	.
885	508762	0	109.062	.
875	508166	0	51.1458	.
255	441217	1	9.3549	.
1007	514047	1	37.5926	.
767	503278	0	41.7423	.
765	503248	0	49.2608	.
1854	3850548	0	32.3793	.
1855	3850549	0	9.73739	.
284	442410	0	266.739	.
272	441573	0	263.884	.
535	486404	1	26.0062	.
929	510450	0	66.185	.
303	443992	1	60.0656	.
63	1325	1	368.816	.
691	498356	0	23.4436	.
2230	6828317	1	3.55381	.
2226	6816993	1	0.283352	.
1880	4061412	0	1.51522	.
926	510280	0	23.5363	.
176	366037	0	9.08491	.
1785	3134755	0	4.67901	.
1784	3134745	0	2.98661	.
1103	517998	0	6.55628	.
82	1499	1	102.841	.
2494	7237575	0	23.4677	.
379	466832	1	4.55773	.
2489	7237262	0	44.8243	.
182	370460	0	0	.
1538	1727200	0	0.787567	.
1783	3111342	1	0.295128	.
823	505996	0	39.8268	.
425	474227	1	14.4723	.
307	445098	1	19.3258	.
936	510749	1	29.5204	.
684	498225	1	2.09106	.
550	487160	0	9.17469	.
928	510377	0	11.0807	.
227	437295	1	14.4494	.
287	442586	1	240.871	.
276	441708	0	0	.
534	486372	1	133.747	.
433	475340	1	40.5681	.
905	509617	1	18.3227	.
1949	4666765	0	2.1216	.
1937	4633979	0	0.137143	.
1939	4634007	0	0.0755161	.
1863	3963155	0	3.56742	.
1874	4037003	1	3.80145	.
1862	3963154	0	12.3275	.
596	492118	0	63.3964	.
1188	520459	0	36.531	.
1345	940294	1	0.835715	.
1479	1378725	0	3.36419	.
324	446191	1	899.659	.
243	439370	1	687.708	.
654	496394	0	60.0172	.
619	494022	0	84.9162	.
320	446110	1	4.18363	.
1296	768080	0	3.22528	.
735	501602	0	9.28084	.
181	368427	0	0.967191	.
275	441690	1	8.24352	.
870	507680	0	7.89023	.
2195	6702585	0	0.818786	.
2008	5663810	0	6.50735	.
1969	5038673	1	4.04186	.
2009	5663835	0	67.0471	.
1161	519764	0	53.336	.
911	509789	1	37.4821	.
2223	6812273	1	1.45505	.
2215	6792297	1	6.50671	.
2222	6812174	1	7.9878	.
2095	6381680	1	2.64202	.
2099	6427882	1	2.75522	.
1725	2697681	0	7.78745	.
1026	515087	1	2.13829	.
730	501147	1	4.07429	.
66	1366	0	10.5086	.
1326	839547	1	0.234595	.
1609	2114049	1	0.0454282	.
906	509630	1	63.1394	.
995	513659	0	115.203	.
545	486733	1	159.221	.
317	446078	0	64.2867	.
1829	3518906	1	1.52451	.
1627	2167572	1	0.353428	.
1828	3518904	1	3.43462	.
1628	2167596	1	1.94234	.
1083	517209	0	37.0113	.
2419	7166742	1	6.93588	.
2102	6443171	1	28.9685	.
918	509999	0	112.956	.
892	509136	1	100.927	.
1527	1658220	1	0.233453	.
940	510926	1	38.5863	.
1173	520134	0	37.2729	.
1359	949414	1	1.41166	.
1633	2219688	1	0.265047	.
1156	519602	0	0.962035	.
1191	520531	0	41.3572	.
1243	568596	1	10.5443	.
1244	568597	0	8.83072	.
48	1061	1	99.6888	.
132	285252	1	4.93293	.
160	315822	0	12.7286	.
753	502529	0	274.317	.
779	503517	1	313.592	.
170	335604	0	0	.
125	284010	0	0	.
532	486299	1	75.7055	.
782	503658	1	28.0694	.
313	445795	0	35.0041	.
1780	3109958	0	10.0524	.
978	512665	0	1.35004	.
1781	3110029	0	17.7971	.
2274	6976123	0	0	.
2181	6662971	1	1.38973	.
2178	6662811	1	1.0975	.
196	376482	1	56.4159	.
140	285685	1	210.807	.
1195	520680	1	234.672	.
1440	1212652	0	11.2895	.
1441	1212653	1	17.5024	.
1442	1212654	1	9.76332	.
1318	817192	0	0	.
1413	1125275	0	8.74589	.
1065	516506	0	355.42	.
378	466686	1	174.337	.
73	1422	0	165.705	.
2420	7167625	1	24.7256	.
10	544	1	164.902	.
1031	515330	0	64.0548	.
1795	3220989	0	18.0432	.
1362	978870	1	8.62821	.
1365	983206	1	3.39699	.
1363	978871	1	19.1766	.
1763	2929356	1	2.53634	.
1747	2857710	0	2.18219	.
1748	2857711	0	0.823089	.
1764	2929357	1	0.529158	.
1067	516582	1	108.854	.
895	509215	1	58.2252	.
245	439497	0	3.70126	.
2106	6446063	1	0.703975	.
467	481644	0	28.4215	.
453	478437	1	47.2396	.
1241	566316	1	14.562	.
1242	566317	1	1.6505	.
1715	2609558	0	8.06916	.
1505	1524500	1	6.06264	.
1714	2609500	1	6.18242	.
1504	1524443	0	13.5711	.
610	493408	0	13.8041	.
1249	573706	1	1.85447	.
1248	573697	0	16.3358	.
1059	516236	1	10.9474	.
454	478747	1	111.11	.
2469	7210542	0	0.182543	.
2470	7210543	0	63.7041	.
2471	7210545	1	36.5621	.
148	294326	0	1.52978	.
2333	7063619	1	75.9345	.
2330	7063356	1	65.6361	.
2332	7063618	1	72.757	.
2331	7063357	1	77.4155	.
939	510866	1	45.0894	.
1179	520310	0	184.873	.
374	465341	0	54.2226	.
827	506264	0	74.0834	.
1746	2808262	1	1.22155	.
1474	1373754	0	0	.
2111	6448150	1	49.6991	.
975	512550	1	29.6268	.
539	486603	0	12.6718	.
2276	6977389	0	8.47733	.
2275	6977388	1	14.2688	.
42	1011	0	416.29	.
236	438806	1	185.776	.
2146	6515367	0	129.103	.
2148	6525441	1	103.776	.
2147	6525440	1	97.9243	.
2145	6515366	0	152.93	.
760	503128	0	7.84634	.
1125	518615	1	25.4152	.
2269	6955653	0	4.31764	.
246	439583	0	10.4394	.
343	447271	0	48.3253	.
2258	6920723	0	8.68332	.
468	481687	1	37.8368	.
555	488081	1	13.316	.
2268	6955621	0	2.4708	.
2259	6920755	1	1.27166	.
296	443556	1	0.958031	.
214	432626	0	13.7153	.
373	465085	1	14.3621	.
600	492250	0	1.31409	.
306	444457	0	0	.
1699	2502543	0	1.00307	.
1698	2502498	0	26.0237	.
606	493203	0	131.562	.
808	505228	1	90.7337	.
35	944	1	16.4895	.
1555	1828558	1	0.519749	.
1741	2771563	0	17.1585	.
1553	1828543	1	18.1501	.
1554	1828547	0	0.348166	.
1742	2771574	0	1.86689	.
1281	722950	0	3.98976	.
499	483654	0	75.5195	.
397	469880	0	46.8869	.
1470	1347639	1	0.000936604	.
78	1457	0	1.20388	.
1512	1593956	0	0.034195	.
1663	2407696	1	5.52336	.
1511	1593928	1	6.8777	.
1662	2407668	0	0.251372	.
1668	2423350	1	1.002	.
1667	2423348	0	4.39377	.
668	497079	1	2.77005	.
2284	6994893	1	8.65103	.
2283	6994892	1	3.8746	.
725	500861	0	0	.
105	242807	0	0	.
1468	1336577	0	0.119574	.
60	1297	1	19.7471	.
815	505627	1	3.68959	.
179	366603	0	0.622559	.
1537	1702961	1	12.8825	.
1069	516630	1	31.9049	.
686	498277	1	22.9692	.
266	441537	0	10.4235	.
278	441859	0	13.0578	.
634	495635	0	3.86545	.
717	500216	1	16.741	.
2488	7219514	1	10.2602	.
2485	7219210	1	16.2988	.
2487	7219513	1	16.4141	.
2486	7219211	0	5.7227	.
1716	2621012	0	0.213959	.
757	503041	1	17.4189	.
835	506681	0	15.4632	.
947	511160	1	45.5285	.
8	472	1	492.197	.
889	508934	1	10.7392	.
1308	796634	1	5.23749	.
1319	822776	0	7.59778	.
89	1611	0	69.887	.
804	505084	1	46.1781	.
2427	7174922	1	8.52199	.
1711	2583173	1	0.281113	.
1708	2583170	1	3.3595	.
1710	2583172	0	3.75921	.
1709	2583171	1	29.153	.
1038	515546	0	55.5345	.
976	512557	0	38.6592	.
1128	518758	0	0.0980482	.
171	335640	1	2.84104	.
1015	514638	1	20.8746	.
332	446406	0	1.08467	.
27	822	0	9.3356	.
1051	515982	0	14.9337	.
24	810	0	127.504	.
795	504578	0	22.5814	.
964	512201	1	126.123	.
316	445997	0	8.52942	.
1341	892473	1	28.9442	.
1337	890259	0	39.2962	.
1340	892443	0	31.7773	.
1336	890229	1	21.9302	.
2451	7203794	0	31.0702	.
581	491432	0	16.3943	.
375	465584	1	2.65177	.
1635	2222654	1	7.52648	.
1624	2155866	1	8.09986	.
1636	2222655	0	7.38017	.
1623	2155860	0	9.47024	.
664	496799	1	20.0371	.
79	1461	0	32.0136	.
2305	7040115	1	16.3664	.
2322	7055476	1	6.43131	.
2304	7040114	1	2.1142	.
1095	517783	1	10.0372	.
1153	519449	1	43.4305	.
2313	7048745	0	81.5881	.
1809	3394594	0	8.28405	.
1640	2233013	0	17.1897	.
1810	3394595	1	11.4334	.
1639	2233012	1	2.59212	.
810	505332	0	3.50027	.
726	500872	1	5.46057	.
628	495141	1	10.3076	.
1124	518606	0	97.618	.
34	897	0	51.5634	.
338	446656	1	6.53804	.
496	483466	1	2.68251	.
1257	585162	0	1.79493	.
1256	585150	1	10.0577	.
1254	585140	1	6.45589	.
1258	585172	0	0.586959	.
342	446982	1	7.17824	.
1255	585149	1	0.0568528	.
107	245512	0	3.38863	.
2059	6245288	1	15.0662	.
2062	6252979	1	7.12146	.
737	501818	0	26.8797	.
1228	521865	0	2.54657	.
2288	7014473	1	2.66546	.
2285	7001202	0	0.342955	.
2287	7014452	1	3.61464	.
2060	6245293	1	25.7732	.
2061	6252974	1	22.4366	.
2171	6658294	1	3.36785	.
2182	6667682	0	6.7775	.
2172	6658295	0	6.72851	.
436	475672	0	1.0657	.
2183	6667683	1	5.85202	.
168	335451	0	0	.
2373	7122101	0	2.99653	.
2372	7122100	0	103.446	.
2370	7122077	0	131.754	.
762	503183	1	3.16919	.
68	1393	0	7.49594	.
986	513068	1	12.9594	.
992	513287	1	15.7188	.
1591	2003836	0	7.83823	.
1595	2036756	1	25.6731	.
1590	2003756	0	28.2705	.
1596	2036759	1	4.23177	.
2089	6363227	0	20.1025	.
2086	6360412	0	18.1159	.
2087	6360453	0	38.6946	.
2088	6363186	0	43.0927	.
949	511302	0	386.329	.
714	500058	0	505.646	.
1601	2059613	1	4.55176	.
1481	1402983	1	0.935854	.
130	284977	0	1.29676	.
1480	1402978	0	8.25584	.
1602	2059621	0	3.19798	.
2239	6860300	1	26.9835	.
2247	6871063	1	20.8963	.
2240	6860302	0	9.18814	.
2246	6871062	0	24.0287	.
1516	1601767	0	0	.
2074	6319478	0	2.60529	.
2071	6319269	0	3.50615	.
2073	6319475	1	0.943153	.
2072	6319271	0	7.78693	.
582	491504	1	38.5332	.
314	445798	1	38.7156	.
586	491816	0	6.50691	.
1134	518852	1	18.8962	.
1894	4277084	1	12.1272	.
1225	521803	1	0.632972	.
1895	4277097	1	8.38283	.
763	503186	0	54.6374	.
1328	856017	1	26.1494	.
1327	856016	1	20.3878	.
1641	2245930	1	5.97536	.
1520	1625004	0	0.0738353	.
1642	2245952	1	0.745805	.
5	434	1	34.5798	.
435	475616	1	7.14166	.
192	375941	0	43.999	.
449	477965	1	21.2712	.
941	510927	1	37.9522	.
318	446094	0	15.6147	.
956	511722	1	164.388	.
662	496660	1	69.0406	.
1084	517288	1	48.0493	.
2394	7152272	1	36.0006	.
2393	7152269	1	38.4701	.
2392	7152268	0	35.5142	.
2395	7152273	0	45.0694	.
2122	6459615	0	0	.
632	495571	1	2.14852	.
1074	516722	1	53.8675	.
1837	3606956	1	8.82702	.
1670	2433253	1	7.32977	.
1669	2433252	1	10.8376	.
1838	3606957	1	11.7646	.
52	1111	0	0	.
1626	2166868	0	0.126957	.
1650	2285812	0	1.33042	.
185	372491	1	0.205323	.
1625	2166853	0	3.1363	.
1649	2285797	0	0.491765	.
1461	1292152	0	0.775318	.
1460	1292122	0	6.1867	.
993	513424	1	4.81917	.
1942	4649309	1	1.65871	.
658	496457	0	4.8784	.
1436	1201190	0	0.0146493	.
251	440828	0	13.261	.
594	492054	1	47.3084	.
159	308285	0	17.508	.
643	496140	1	61.9383	.
802	504985	1	123.329	.
423	473014	1	78.2689	.
591	491985	0	51.6521	.
1706	2549072	0	11.0889	.
1853	3824268	0	1.95698	.
1739	2761098	0	4.7889	.
1778	3090350	0	5.11732	.
1852	3824244	0	17.2488	.
1740	2761122	0	14.3894	.
1779	3090374	1	3.64051	.
421	472550	1	0.949687	.
1075	516738	1	0.314263	.
2165	6641374	1	2.20065	.
1187	520445	0	52.5041	.
1140	519200	1	56.5499	.
547	486977	0	42.7346	.
2278	6985050	0	0.315977	.
2279	6985051	1	9.21556	.
1	407	1	1877.75	.
55	1163	1	1455.42	.
1193	520620	1	62.3067	.
625	494506	0	45.2003	.
792	504301	1	42.5935	.
613	493699	1	2.81487	.
1732	2732016	0	94.9115	.
1733	2732017	0	44.0911	.
2509	7384225	1	22.6806	.
2507	7384222	1	35.1702	.
2508	7384224	1	41.9567	.
401	469989	0	10.9286	.
2303	7038820	0	2.06695	.
2510	7384242	0	21.4996	.
2511	7384243	1	43.2093	.
2512	7384244	1	41.1038	.
2513	7384245	0	30.8304	.
2068	6299961	1	3.94299	.
657	496447	0	11.2046	.
948	511298	1	119.047	.
1079	517042	0	62.0836	.
297	443576	1	15.9036	.
703	498812	0	42.4461	.
465	481584	1	0.127326	.
29	852	0	804.311	.
45	1031	0	1445.75	.
2157	6623724	1	4.75192	.
2164	6640509	1	1.53481	.
2163	6640481	1	3.42005	.
2158	6623725	1	6.09499	.
1259	592631	0	3.46276	.
414	471649	0	23.3955	.
824	506055	0	59.05	.
1867	3990056	1	16.2522	.
1879	4061402	1	6.00095	.
1866	3990043	0	3.88176	.
1052	515984	1	84.5673	.
424	473771	0	1.66895	.
233	438559	0	8.16546	.
2218	6811344	0	42.8812	.
2219	6811345	0	79.4325	.
2221	6811347	1	37.0747	.
218	433248	0	21.194	.
2490	7237263	1	0.610034	.
2493	7237574	0	8.1288	.
308	445180	0	4.11257	.
553	487449	0	4.31434	.
1194	520648	0	2.77747	.
566	489305	1	3.80455	.
111	271820	1	6.15218	.
1289	759128	0	17.1869	.
1290	759129	0	15.8249	.
641	496080	0	10.9946	.
212	431969	1	18.8603	.
904	509566	1	89.6539	.
983	512826	0	23.4983	.
1357	948568	1	3.66904	.
1355	948475	0	11.4353	.
1358	948570	0	96.1938	.
172	363726	0	73.9018	.
151	294663	0	45.6618	.
1092	517615	1	31.4962	.
1823	3507949	1	11.8174	.
1619	2144516	1	7.76501	.
1822	3507948	0	2.23943	.
1620	2144518	1	3.83865	.
1825	3507977	0	13.4367	.
1621	2144521	0	32.0583	.
1824	3507952	1	36.2991	.
1622	2144545	1	6.08508	.
2440	7195212	0	0	.
2503	7296724	0	3.59171	.
638	495818	0	152.695	.
950	511413	0	54.0141	.
685	498255	0	12.7478	.
1904	4380322	1	5.61868	.
1496	1476016	1	2.2082	.
1495	1476011	0	1.03734	.
1905	4380326	1	0.0443903	.
2432	7180331	1	3.20983	.
2441	7195241	1	2.4493	.
398	469930	0	19.511	.
416	472146	1	8.0924	.
2078	6335256	0	14.2148	.
2079	6335257	0	20.9234	.
1378	1022799	0	0	.
732	501191	1	0.00774868	.
774	503356	0	250.299	.
11	571	0	745.707	.
38	974	1	392.507	.
624	494427	1	321.132	.
1102	517989	0	107.586	.
390	469535	1	27.3518	.
1231	521908	1	13.2115	.
1656	2366935	0	4.58167	.
1672	2433603	0	2.69349	.
1657	2366957	1	1.51503	.
1717	2636122	0	0.952218	.
399	469972	1	8.55351	.
1931	4529395	1	0.451305	.
1718	2638418	1	1.75381	.
1719	2638419	1	2.88051	.
1772	3046365	1	0.427479	.
1951	4670732	1	0.62376	.
647	496331	0	22.3134	.
704	498841	1	20.6636	.
513	484735	1	24.4918	.
1099	517829	0	5.90632	.
131	285134	1	46.8913	.
2112	6450903	1	0.371575	.
2129	6474966	0	0.626312	.
2130	6474969	0	3.40899	.
952	511535	0	28.6915	.
12	613	1	315.918	.
2417	7164843	1	11.7786	.
2416	7164842	0	76.9159	.
979	512676	1	32.8286	.
64	1348	1	157.743	.
232	438406	0	40.9539	.
898	509435	1	66.5353	.
1093	517621	1	32.5652	.
1321	832148	0	5.5968	.
1322	832149	0	1.77222	.
1034	515501	0	89.591	.
1215	521397	0	108.674	.
439	475822	1	319.912	.
674	497535	1	41.8365	.
963	512182	0	93.2569	.
2277	6977398	1	20.0524	.
1346	940327	0	0.823944	.
1478	1378724	1	9.28918	.
817	505697	0	43.6942	.
382	467124	1	6.91105	.
687	498294	1	27.6018	.
507	484429	0	56.6171	.
479	482858	0	4.33107	.
1043	515800	0	11.6489	.
1399	1093629	0	3.35105	.
1398	1093628	0	5.4551	.
1402	1109652	1	5.78055	.
1403	1109653	1	16.0289	.
57	1196	0	15.4241	.
807	505193	0	2.37167	.
2423	7170606	0	4.76285	.
881	508556	0	7.18383	.
772	503322	0	52.5444	.
932	510549	0	90.1145	.
816	505655	1	16.9565	.
400	469981	1	71.5745	.
480	482869	0	19.0379	.
692	498404	0	98.8844	.
2412	7164163	0	10.8369	.
1027	515088	1	7.48227	.
690	498352	0	5.77192	.
985	512946	0	3.30122	.
270	441566	0	44.5459	.
235	438751	0	85.6378	.
842	506894	1	72.4916	.
2363	7121343	0	37.3776	.
2365	7121345	0	18.366	.
2364	7121344	1	2.07397	.
1009	514110	1	4.93823	.
856	507270	0	11.4203	.
813	505472	0	172.284	.
102	148177	1	4.03874	.
2403	7154449	1	173.391	.
2400	7154446	1	230.864	.
2401	7154447	1	216.998	.
2402	7154448	1	148.35	.
177	366170	0	0	.
595	492069	1	774.561	.
269	441557	0	815.024	.
1145	519286	0	15.5081	.
1240	562156	0	0.194855	.
1239	562148	1	1.36458	.
1171	520066	0	0	.
1306	780327	0	0.680781	.
1032	515422	1	38.4152	.
520	485642	0	18.005	.
2384	7139038	1	6.95789	.
1344	916474	1	43.4821	.
1343	916389	1	42.8287	.
2119	6459201	0	0.277476	.
2141	6507250	1	2.23506	.
2142	6507251	0	2.92216	.
752	502492	0	81.8027	.
1011	514303	1	135.374	.
2149	6556562	0	5.2957	.
2224	6816959	1	23.0654	.
680	498101	1	0.80941	.
2232	6828351	1	35.6257	.
221	433457	0	41.4589	.
887	508850	0	71.7968	.
1407	1124125	1	1.96583	.
1404	1119170	1	2.4832	.
1405	1119193	0	1.14923	.
1406	1124102	0	2.61718	.
2143	6508475	1	0.604229	.
2144	6508529	0	8.94968	.
1707	2570970	0	33.0084	.
536	486459	1	299.881	.
573	490844	0	306.563	.
184	372447	1	29.0484	.
289	442618	0	40.6279	.
1848	3777859	1	19.5244	.
1066	516542	0	64.7802	.
2200	6715768	1	28.5791	.
2199	6715747	0	0.0415152	.
2198	6715743	1	5.86423	.
2201	6715772	1	4.90054	.
1238	557301	1	6.00737	.
1237	557298	1	14.6682	.
1202	520962	1	1.46854	.
504	484199	0	72.2741	.
604	492755	0	1.23423	.
783	503710	1	38.876	.
871	507732	0	78.3421	.
584	491634	1	8.13902	.
305	444133	0	6.94382	.
1462	1301325	0	7.28047	.
1572	1947009	1	8.22801	.
429	474726	1	2.13361	.
1571	1946973	1	24.0719	.
1463	1301361	0	2.81321	.
564	488773	1	1.44743	.
930	510492	1	5.22645	.
2137	6506827	1	38.1215	.
2138	6507088	1	15.4865	.
1666	2422519	1	1.81234	.
1664	2422516	0	3.90437	.
1661	2384803	0	3.75494	.
1665	2422517	1	6.36649	.
1660	2384802	1	5.42276	.
2018	5757757	1	0.571993	.
1975	5143413	0	15.8725	.
961	512052	0	16.6129	.
558	488247	1	124.792	.
310	445526	1	131.791	.
661	496555	1	55.1957	.
1352	948383	0	0	.
2472	7210686	1	1.32168	.
2461	7204957	0	12.0125	.
841	506854	1	6.28377	.
1843	3765990	1	19.8262	.
1841	3765982	1	10.6352	.
1842	3765984	1	3.74931	.
1082	517203	0	14.3227	.
96	1742	1	162.384	.
361	462479	0	68.0387	.
994	513657	0	3.49687	.
567	489528	1	2.26189	.
850	507033	1	22.1007	.
1886	4176365	0	0.79887	.
1432	1184717	1	16.2832	.
1433	1196804	1	8.64425	.
894	509159	0	1.62359	.
92	1678	1	127.301	.
2361	7121341	1	25.1716	.
2367	7121695	0	17.7124	.
2366	7121514	0	13.6562	.
497	483590	1	2.89538	.
2360	7121334	1	33.8998	.
1539	1727288	1	1.65533	.
1782	3111253	1	1.5108	.
1418	1143996	0	50.2707	.
1417	1143992	0	30.6524	.
1419	1151668	0	1.53907	.
250	440688	0	0	.
1096	517809	0	27.2637	.
326	446258	0	178.803	.
1330	869060	1	6.42201	.
1331	869064	1	22.2558	.
395	469839	0	0	.
864	507434	0	100.752	.
293	443126	1	55.8337	.
339	446675	1	22.0699	.
2270	6956391	1	0.342048	.
2265	6954852	1	3.67195	.
2271	6956392	1	5.3747	.
261	441437	0	3.13081	.
2266	6954853	0	3.29767	.
1514	1599736	0	2.46226	.
1659	2368842	0	0.819334	.
1658	2368833	1	2.55991	.
1513	1599727	1	4.83388	.
843	506907	0	46.0732	.
873	507930	0	84.8384	.
70	1416	0	464.097	.
2475	7212652	1	91.1332	.
2474	7212651	1	77.4185	.
2473	7212650	1	77.9256	.
2476	7212653	1	110.801	.
1151	519418	0	3.31034	.
715	500071	0	1.43991	.
2238	6859111	1	1.80262	.
2233	6832520	0	4.70684	.
2237	6858996	0	3.9822	.
2234	6832635	0	0.661868	.
1738	2743645	0	0	.
106	244810	0	0	.
139	285656	0	0.0911826	.
953	511543	1	283.893	.
155	301579	0	39.302	.
1372	1011678	1	0.888139	.
1342	914895	0	0.138507	.
1373	1011709	0	0.0248116	.
2386	7145084	0	34.857	.
2385	7145083	0	30.7573	.
300	443830	1	122.731	.
216	432882	0	98.0465	.
1356	948479	0	29.2592	.
1353	948384	0	57.6569	.
1200	520785	0	27.5112	.
724	500850	0	12.3651	.
1453	1242492	1	13.61	.
1452	1242413	0	7.14564	.
1788	3165290	0	0	.
2003	5661322	0	0.000906312	.
4	416	1	37.9739	.
1832	3561378	1	2.9261	.
1798	3269346	1	11.9692	.
907	509675	0	59.4055	.
846	506961	0	748.609	.
971	512473	0	1011.21	.
2317	7049787	1	2.75685	.
2316	7049785	1	33.6052	.
2314	7049780	1	24.2616	.
1098	517827	1	115.649	.
94	1685	0	23.7289	.
143	291706	1	2.84057	.
288	442590	1	54.3699	.
428	474612	1	22.5131	.
1354	948473	1	51.141	.
273	441631	0	35.7066	.
265	441496	1	8.35532	.
1683	2452524	0	8.29732	.
1494	1466324	0	16.2029	.
1684	2452525	0	4.06089	.
2043	6083357	1	0.514991	.
2315	7049781	1	0.607701	.
2319	7049799	0	132.766	.
709	499716	1	19.217	.
2318	7049797	0	65.6455	.
1840	3749259	0	0	.
1839	3749225	0	0	.
229	437919	1	2.08072	.
98	1822	1	17.1529	.
426	474327	1	8.43346	.
1954	4758084	0	0	.
1957	4824190	0	0.262453	.
913	509854	0	15.2833	.
412	471488	1	31.441	.
1003	513975	0	31.6114	.
2468	7210390	1	9.83597	.
2467	7210006	1	7.03083	.
1563	1894057	1	13.7308	.
694	498444	0	7.49531	.
1562	1894056	1	36.8728	.
1876	4046737	1	1.72756	.
880	508384	0	0	.
669	497104	0	4.31259	.
403	470032	1	32.1015	.
1160	519760	0	85.9856	.
1261	593540	1	0.328309	.
1260	593494	0	0.101777	.
997	513808	0	64.1636	.
464	481361	1	2.66199	.
157	302619	0	0	.
803	505058	1	197.274	.
682	498107	1	55.7628	.
2131	6481316	1	10.4795	.
2094	6377813	0	0	.
1189	520466	0	1980.18	.
1062	516372	1	1708.09	.
385	468614	1	915.542	.
590	491961	1	802.854	.
2290	7016543	1	30.0513	.
2289	7016413	1	23.6441	.
1449	1238965	0	2.76108	.
1471	1347647	0	13.851	.
1100	517854	1	126.795	.
891	509060	1	347.271	.
699	498759	0	283.179	.
2229	6819155	1	17.2146	.
2228	6819154	1	1.86797	.
440	475928	0	69.7072	.
1643	2247146	0	0.659445	.
122	283760	1	127.483	.
1055	516055	0	167.025	.
1437	1201203	1	1.04949	.
1282	729004	0	0	.
2398	7153474	0	1.74019	.
2399	7153475	0	10.1459	.
2396	7153472	0	16.3255	.
2397	7153473	0	14.1729	.
751	502450	1	55.1757	.
749	502411	0	54.9333	.
1694	2498164	1	3.21109	.
1522	1625496	1	3.09973	.
1521	1625494	1	0.354485	.
110	269785	1	2.42056	.
1159	519749	1	113.161	.
1796	3269316	1	37.2577	.
2064	6281481	0	20.5946	.
2066	6282529	1	21.2751	.
2065	6282528	1	22.386	.
2063	6281480	0	16.9381	.
1945	4656567	0	0.177951	.
1946	4656586	1	1.45089	.
1947	4662918	0	5.03038	.
1991	5407930	1	1.26869	.
2022	5791312	0	1.40189	.
1517	1621132	0	6.55824	.
858	507336	1	50.3855	.
109	246132	1	15.5674	.
1143	519233	1	3.3084	.
1209	521256	0	293.144	.
1477	1377809	0	0.654958	.
1752	2864687	1	1.0285	.
129	284967	0	128.275	.
114	274701	1	53.0461	.
501	483664	1	33.5321	.
2210	6772407	1	0.948989	.
972	512519	1	57.546	.
371	465052	1	69.2438	.
1558	1836240	0	0	.
1606	2079129	0	0	.
1700	2519814	0	75.6138	.
1703	2520683	0	59.0539	.
1701	2519815	1	54.3138	.
1702	2520682	1	78.497	.
1219	521549	1	298.927	.
115	274713	0	168.33	.
431	475206	0	136.926	.
522	485919	1	124.441	.
2352	7115078	1	10.7724	.
2353	7115081	0	0.571854	.
1556	1836235	0	0.904643	.
2388	7150751	0	10.7816	.
452	478158	0	33.3955	.
120	283609	0	0.886368	.
134	285358	0	0	.
1400	1095473	1	42.6004	.
1217	521526	0	54.1848	.
147	294264	0	25.7726	.
608	493339	1	41.8113	.
546	486897	0	102.806	.
158	306565	1	84.6508	.
712	500007	0	179.719	.
1998	5534739	0	0.30665	.
651	496379	1	3.42127	.
189	375599	0	25.5477	.
945	511044	1	15.5396	.
476	482795	0	41.6843	.
194	376261	0	40.983	.
2020	5757765	1	4.09396	.
1979	5143429	1	6.70399	.
1976	5143417	1	4.86504	.
565	488916	1	24.8286	.
415	472071	1	175.154	.
1148	519336	1	191.66	.
207	427656	1	32.2992	.
1519	1621137	1	4.47645	.
450	478004	1	18.1997	.
280	442003	1	73.9686	.
257	441274	1	90.1768	.
259	441361	0	0	.
1831	3541001	1	2.69584	.
1811	3404625	1	25.0507	.
267	441548	1	4.14222	.
1812	3404653	1	6.01685	.
1047	515879	1	32.4635	.
279	441883	1	43.861	.
2155	6602484	1	5.86391	.
2154	6601503	0	0.573032	.
2156	6602485	0	3.12052	.
2153	6601502	0	3.58925	.
1753	2881789	0	0	.
1573	1955784	1	39.8896	.
1501	1516801	1	12.8885	.
1500	1516800	1	10.547	.
1574	1955785	0	36.4477	.
1139	519167	1	139.075	.
380	467095	0	80.3222	.
281	442127	1	25.1186	.
1575	1955786	1	3.34499	.
1576	1955787	1	1.14247	.
2343	7095769	1	13.7518	.
2345	7095771	0	16.5122	.
2344	7095770	0	11.2544	.
623	494386	0	8.92238	.
285	442534	0	11.7251	.
295	443537	0	0	.
1264	605209	1	6.26776	.
1263	605208	1	13.7186	.
1177	520198	0	29.3311	.
445	477779	0	42.774	.
304	444051	0	0.692076	.
1704	2534132	0	4.51007	.
1446	1222438	1	0.0359385	.
1447	1222468	1	5.15048	.
1705	2534162	0	0.566308	.
1214	521381	0	44.6064	.
1206	521157	0	6.10952	.
322	446145	0	11.4586	.
1860	3942138	1	1.92241	.
372	465078	1	97.3129	.
330	446367	0	68.3742	.
781	503578	0	42.5287	.
2132	6481317	0	3.07757	.
541	486666	0	90.0707	.
335	446522	0	54.4986	.
560	488440	1	39.7937	.
352	452809	1	76.1227	.
2049	6171905	1	2.66698	.
2048	6171893	0	17.3394	.
1712	2592122	1	1.58008	.
1560	1878427	0	2.4649	.
1713	2592123	1	1.19292	.
1943	4651088	0	0.260907	.
1638	2224015	1	10.3822	.
806	505190	1	131.184	.
387	469316	0	25.4712	.
977	512582	0	95.5544	.
1771	3001458	0	0.270343	.
1320	825819	0	0	.
1323	834987	0	0.332583	.
1316	815767	0	0.862111	.
698	498709	0	43.9564	.
413	471513	0	23.1152	.
1315	815758	0	4.65709	.
1605	2079128	1	15.8158	.
676	497584	1	2.96064	.
432	475242	0	3.48035	.
1101	517956	0	108.055	.
1060	516332	1	65.7732	.
438	475743	1	31.8183	.
1325	836811	1	5.5629	.
551	487255	0	143.889	.
469	481764	1	35.1834	.
1891	4225576	1	5.93325	.
1887	4207398	1	7.69236	.
1890	4225516	1	5.31454	.
1888	4207458	1	9.35696	.
988	513135	1	9.82245	.
484	482906	0	20.767	.
607	493216	0	22.287	.
485	483004	1	18.9874	.
2294	7016589	1	67.5281	.
1019	514793	1	44.4397	.
508	484501	0	10.433	.
574	490917	0	24.9804	.
518	485224	1	21.8742	.
1817	3493783	1	0.252829	.
996	513722	1	28.2607	.
519	485245	1	49.7941	.
1104	518016	1	31.8894	.
1245	568680	0	0.197935	.
1610	2120827	1	0.340477	.
1385	1057244	0	14.4836	.
1490	1449014	1	4.53061	.
1491	1449015	1	4.58419	.
1386	1057249	0	17.9787	.
854	507225	1	7.2452	.
633	495576	0	4.05228	.
531	486294	0	62.832	.
1086	517336	1	99.7901	.
1371	1009019	0	4.51949	.
1377	1013037	0	8.7589	.
1551	1810914	1	3.21396	.
1552	1810937	1	11.957	.
1218	521533	1	667.718	.
533	486311	0	594.647	.
1864	3964039	0	0.267988	.
1877	4048427	1	1.17622	.
1878	4048483	1	1.85891	.
922	510229	1	2.07558	.
1865	3964095	0	3.05723	.
538	486590	0	0	.
933	510567	0	0.158454	.
540	486622	0	7.15271	.
597	492119	0	0	.
678	497707	0	0	.
935	510725	0	5.4338	.
794	504515	0	59.0582	.
1366	986612	0	28.2611	.
1384	1051614	0	0.7714	.
902	509497	0	0	.
2213	6791620	0	0.37637	.
2214	6791621	0	16.6467	.
1044	515801	1	5.47334	.
1284	732711	0	0	.
1313	815092	1	0.203965	.
1312	813357	1	1.37811	.
1311	813333	0	0.0393959	.
1314	815117	0	5.35567	.
1329	862708	0	0	.
1421	1162469	0	1.69579	.
1420	1162449	0	1.71045	.
1632	2207869	1	28.0263	.
1464	1306175	0	25.4547	.
1492	1449988	0	0	.
1540	1728905	0	0	.
1543	1784786	0	0	.
1584	1970521	0	0	.
1589	1986963	0	0	.
1604	2060801	0	0	.
1607	2100558	0	0	.
1631	2207868	0	0	.
1676	2442322	1	22.9538	.
1675	2442319	1	22.1702	.
1687	2470558	1	0.724157	.
1686	2470551	0	1.13924	.
1859	3882213	0	1.80111	.
1858	3882203	0	0	.
1755	2881799	0	0	.
1759	2912805	0	0	.
1761	2912815	0	0	.
1777	3075897	0	0	.
1807	3377697	0	0	.
1808	3382140	0	0	.
1861	3942149	0	0	.
1868	4008795	0	0	.
1871	4025769	0	0	.
1873	4026467	1	0.323553	.
1872	4026456	1	0.278071	.
1883	4105089	0	0	.
1889	4215002	0	0	.
1929	4521661	0	0	.
1935	4594662	0	0	.
1970	5038674	0	0	.
1972	5045612	0	0	.
1997	5534726	1	0.808733	.
1982	5160699	1	0.763219	.
1986	5324429	0	0	.
2010	5676673	0	0	.
2011	5676687	0	0	.
2023	5791317	0	0	.
2051	6179258	1	6.64117	.
2050	6178504	0	0.397277	.
2076	6328680	0	0	.
2113	6454124	1	0.306581	.
2170	6644984	0	2.88096	.
2169	6644862	0	3.32415	.
2188	6683859	0	68.158	.
2202	6720638	0	84.9374	.
2203	6720691	0	56.7288	.
2187	6683854	0	41.5645	.
2216	6804536	1	1.30471	.
2208	6740697	0	2.27221	.
