# ContigOrdering file.  This file represents a ContigOrdering object, which describes an ordering of contigs within a Proximo cluster.
# See ContigOrdering.h for more documentation.
#
# Important numbers:
#	N_contigs	1224	(Number of contigs in the input cluster)
#	N_contigs_used	1224	(Number of contigs ordered by this ordering)
#	has_Q_scores	1	(Boolean: has orientation quality scores?)
#	has_gaps	0	(Boolean: have gap sizes between contigs been estimated?)
#
# Columns:
#contig_ID(local)	contig_name	contig_rc	orientation_Q_score	gap_size_after_contig
1069	6745682	0	0	.
466	514998	1	36.6545	.
202	471196	0	40.3729	.
1070	6745683	1	5.77493	.
608	862709	1	9.05108	.
748	1928212	1	2.3449	.
745	1905642	1	8.50634	.
460	514701	0	143.671	.
279	495941	1	2.76506	.
372	506322	0	115.656	.
256	492132	1	109.053	.
415	510639	1	13.5144	.
243	486965	0	8.62195	.
124	438243	1	29.0482	.
32	1232	1	290.999	.
455	514304	1	13.1076	.
574	525140	0	0.0881343	.
770	2201899	0	0	.
1132	6926338	1	0.0238309	.
1134	6946043	0	0.0928757	.
7	470	0	161.261	.
19	799	0	65.6561	.
217	481574	1	23.9227	.
1063	6720168	1	25.1899	.
1064	6720263	1	10.4447	.
1060	6684103	0	21.8126	.
1059	6684007	0	13.1403	.
284	496322	0	13.6887	.
456	514394	1	2.479	.
387	507661	0	16.698	.
471	515285	1	12.1073	.
132	440753	1	2.58185	.
229	484583	1	97.8584	.
15	675	0	268.276	.
353	504800	0	11.3663	.
1195	7164293	0	10.1598	.
1194	7164292	0	8.7603	.
1197	7164295	0	4.51844	.
918	4382958	1	2.91611	.
848	3499518	1	0.0219002	.
847	3499468	0	3.00295	.
919	4383008	0	3.8064	.
37	1424	1	16.8552	.
207	476133	1	78.047	.
535	519674	1	35.8	.
796	2571984	0	10.4992	.
914	4300389	1	0.187098	.
797	2571985	0	3.51364	.
913	4300388	0	0.411311	.
385	507350	1	200.173	.
510	518015	0	228.734	.
1106	6859187	0	0	.
876	3802655	1	2.71118	.
875	3802619	1	7.06229	.
485	516131	1	5.69884	.
1118	6880206	0	3.07237	.
1105	6859186	0	4.70063	.
1117	6880204	1	2.3152	.
1100	6842800	0	11.5192	.
508	517921	1	46.472	.
355	505122	1	1.65684	.
890	4034877	1	0.974861	.
815	2879918	0	0.081673	.
816	2879919	1	3.1782	.
889	4034876	1	0.539091	.
853	3599702	0	20.5793	.
213	480652	1	5.15191	.
549	520505	1	67.8676	.
942	5025564	1	1.57818	.
970	5762127	0	2.61036	.
985	6243803	1	26.2396	.
984	6243801	1	18.9304	.
339	503131	0	13.365	.
147	442570	1	26.5549	.
238	486662	0	15.2969	.
394	508777	0	108.465	.
367	505839	1	59.2823	.
233	486089	0	23.9817	.
718	1601515	0	1.88233	.
717	1601513	0	6.50144	.
410	510389	0	68.469	.
223	483264	1	188.243	.
671	1192944	0	0.356565	.
433	512000	1	198.07	.
275	495770	1	224.724	.
753	2011883	0	5.7648	.
752	2011862	0	0.935276	.
938	4837228	0	0.629457	.
911	4284708	1	0.00561249	.
828	3094722	1	2.43318	.
912	4284709	1	2.88499	.
27	1091	0	10.7335	.
1156	7058276	1	0.83884	.
461	514762	0	28.6134	.
422	511080	1	2.24816	.
8	473	1	40.2909	.
180	459890	0	1.81177	.
1025	6546124	1	3.43175	.
631	1005820	0	0	.
865	3764932	1	86.5242	.
325	501331	1	1.89966	.
866	3764937	1	57.5004	.
175	447860	0	8.97914	.
439	512742	1	427.924	.
1146	6995457	0	52.8366	.
1145	6995456	0	7.31182	.
1173	7123887	1	8.57187	.
1174	7124089	1	2.48743	.
128	439371	1	15.2646	.
318	500631	0	227.049	.
454	514106	1	382.231	.
1119	6883291	1	3.32461	.
826	3063831	0	0	.
721	1607203	0	4.98516	.
720	1607180	0	4.17411	.
598	731137	0	5.42921	.
597	731114	0	8.98521	.
428	511567	0	11.9885	.
397	509154	1	7.63111	.
706	1490446	0	3.07127	.
831	3149478	1	2.99456	.
832	3149480	1	14.2002	.
705	1490444	1	15.4782	.
1061	6703881	0	37.6144	.
414	510589	1	7.10567	.
1065	6731631	1	13.8519	.
1062	6704005	1	2.70447	.
997	6362517	1	0.386487	.
883	3926007	1	1.04701	.
0	332	1	430.315	.
506	517725	1	17.5181	.
266	493572	1	1.49411	.
435	512213	1	7.64896	.
331	501865	0	60.9622	.
458	514628	1	119.153	.
503	517520	1	103.887	.
23	1017	1	186.614	.
514	518292	0	57.5116	.
96	372402	0	11.0842	.
465	514918	0	2195.41	.
426	511331	1	1138.75	.
692	1403616	0	2.63354	.
617	895117	1	2.65479	.
273	495615	0	0.911274	.
475	515544	1	9.27876	.
262	493152	0	1.55179	.
50	1681	0	20.7478	.
1113	6878103	1	5.54241	.
1083	6815173	0	2.64853	.
1114	6878105	0	11.6515	.
1082	6815171	1	1.36366	.
867	3765992	1	5.77825	.
13	595	0	647.707	.
99	375593	0	68.2861	.
845	3492888	0	4.22752	.
769	2199247	0	0.764296	.
766	2199206	1	1.71404	.
440	512760	1	0.00123945	.
768	2199245	1	0.546472	.
240	486672	1	5.38646	.
1205	7206408	0	162.492	.
1204	7206407	0	104.574	.
1206	7206409	1	44.4227	.
903	4157140	0	3.30405	.
901	4141416	0	2.32265	.
905	4157170	1	0.349324	.
900	4141387	0	16.5333	.
528	519280	0	7.72655	.
904	4157141	1	6.90027	.
309	500429	0	0	.
319	500769	1	22.1979	.
205	475829	0	2.90008	.
1210	7209470	0	43.9967	.
1207	7209465	0	40.7686	.
1209	7209469	0	47.108	.
1208	7209467	0	56.3539	.
248	491171	1	11.8545	.
126	438913	0	6.02541	.
42	1498	1	91.3807	.
902	4141417	1	9.92135	.
906	4157171	0	6.65899	.
45	1517	0	40.5228	.
569	521955	0	90.287	.
858	3663431	1	9.28954	.
173	446805	0	11.7861	.
495	517040	0	37.2911	.
30	1141	1	184.083	.
880	3896270	1	8.72824	.
757	2077831	0	0	.
599	741264	1	9.34389	.
85	301650	1	55.131	.
328	501494	1	62.4266	.
457	514491	1	0.520968	.
604	796637	0	16.4349	.
605	822780	1	16.031	.
501	517447	1	30.0272	.
98	374910	0	53.6655	.
417	510682	1	11.7586	.
478	515688	0	37.4169	.
227	484474	0	11.5732	.
382	507193	1	258.99	.
143	442337	1	32.4928	.
95	371094	0	38.5564	.
226	484357	0	19.2099	.
26	1063	1	66.0544	.
939	4837249	1	0.244732	.
714	1598568	1	11.5945	.
715	1598569	1	4.05278	.
530	519337	1	165.014	.
361	505461	1	83.435	.
795	2545088	1	6.07963	.
687	1338426	1	0.117716	.
641	1027830	1	6.73815	.
117	432091	0	4.60863	.
12	578	1	83.0249	.
1046	6627450	1	22.0999	.
106	378450	0	6.13599	.
1043	6627446	1	24.2822	.
218	482136	1	8.81652	.
1045	6627449	1	6.37437	.
1044	6627447	0	0.519145	.
811	2869186	1	2.32219	.
817	2891963	1	4.23796	.
812	2869233	0	2.55838	.
57	270035	0	0	.
585	645811	0	14.1526	.
588	667380	0	1.03168	.
589	667381	1	9.8453	.
584	645810	1	14.3399	.
364	505554	1	1.19919	.
191	467439	0	25.1393	.
952	5237780	1	1.34511	.
953	5237792	0	0.146868	.
1072	6761342	1	0.636176	.
1058	6679038	0	4.54897	.
1057	6678967	0	0.348015	.
1073	6761414	1	0.791398	.
5	460	1	8.07593	.
908	4216058	0	1.01179	.
934	4746620	0	1.84843	.
935	4746654	1	3.82285	.
286	496918	1	0.252174	.
907	4216024	1	1.7335	.
127	438970	0	11.6011	.
277	495918	0	19.5431	.
516	518765	0	42.9513	.
179	452411	0	1.61192	.
118	432349	0	72.983	.
1188	7143793	0	3.75967	.
111	431173	0	38.3704	.
472	515314	0	298.679	.
554	520628	0	174.184	.
804	2743092	0	11.2335	.
805	2743093	1	0.106324	.
836	3269367	1	1.52775	.
725	1708746	1	2.10846	.
850	3561429	0	5.92339	.
849	3561399	0	0.116288	.
112	431380	1	47.1687	.
316	500624	1	127.277	.
288	497179	1	108.603	.
156	443976	1	172.384	.
1187	7143792	1	5.71214	.
1177	7142464	0	0.0492226	.
738	1805595	1	3.31368	.
297	498432	1	15.1152	.
462	514814	0	35.6495	.
199	470014	0	30.4924	.
389	507719	1	168.487	.
497	517200	0	48.7261	.
291	497654	1	34.0817	.
73	284904	0	0.214265	.
477	515599	0	244.119	.
484	516078	1	188.351	.
520	518913	0	43.983	.
402	509738	1	29.0892	.
994	6335690	0	0.167543	.
995	6335691	0	0.480102	.
986	6290896	1	0.714858	.
987	6290897	1	1.47796	.
1006	6418894	1	1.26484	.
1001	6406266	1	0.467248	.
29	1133	0	17.5264	.
734	1797431	0	0.946444	.
735	1797433	0	1.14117	.
697	1455121	0	0.763472	.
698	1455161	1	3.58384	.
814	2877819	1	3.26548	.
1076	6791618	1	18.9617	.
568	521907	1	4.13594	.
1077	6791619	1	4.29978	.
474	515535	0	34.7885	.
560	521114	0	159.067	.
452	514040	0	11.5612	.
332	501932	1	3.69966	.
941	4880187	0	0.749926	.
138	441476	1	165.01	.
413	510585	0	112.927	.
109	427063	1	352.572	.
365	505763	0	13.0205	.
377	506962	0	168.352	.
289	497379	0	73.2791	.
630	1005806	1	6.35595	.
576	536571	1	4.33599	.
575	536570	1	0.324009	.
526	519039	0	28.5033	.
1154	7049202	1	7.99114	.
1155	7049203	0	10.5181	.
1096	6839438	0	0	.
586	645812	0	8.95577	.
562	521509	0	29.8513	.
153	443046	1	20.5777	.
489	516335	0	4.43548	.
20	853	1	187.432	.
310	500446	0	102.391	.
69	284000	1	20.1292	.
52	1752	1	36.4341	.
571	522068	0	63.2449	.
1024	6546122	1	2.03895	.
996	6362516	1	17.6452	.
467	515060	1	1300.58	.
551	520596	0	1367.73	.
443	513173	0	37.8981	.
129	439522	0	40.8065	.
346	503987	1	6.14904	.
601	758759	0	2.33076	.
162	445162	1	70.5009	.
282	496301	1	108.448	.
948	5187335	0	8.71625	.
949	5187342	0	1.09964	.
964	5707757	1	1.06054	.
963	5707755	0	1.65479	.
947	5187333	1	2.21246	.
923	4473996	1	56.125	.
763	2161776	1	30.2688	.
252	491969	0	17.6412	.
539	519838	1	264.166	.
557	520976	1	1584.07	.
225	483955	0	0.052894	.
189	465379	0	0	.
649	1091277	1	15.913	.
650	1091329	1	12.4744	.
628	967625	1	33.8299	.
556	520860	1	6.56236	.
629	967677	1	7.80348	.
632	1006388	1	0.0477182	.
35	1344	1	368.01	.
301	498822	1	319.002	.
916	4325887	0	2.17198	.
775	2237861	0	0.935578	.
774	2237845	0	0.250891	.
25	1050	1	32.2153	.
444	513194	1	73.3119	.
67	283727	0	3.62567	.
421	511050	1	2.71739	.
1009	6439003	1	28.3522	.
1008	6439002	1	15.3264	.
360	505379	0	87.8975	.
192	467769	0	11.8701	.
470	515139	0	112.209	.
453	514043	0	16.7008	.
92	366859	0	39.7157	.
1079	6798303	0	9.13966	.
1087	6820917	1	3.63641	.
1086	6820914	1	2.56871	.
1078	6798302	0	3.17769	.
522	518936	0	0	.
929	4520836	0	4.2388	.
459	514637	0	44.8059	.
139	441688	1	17.7655	.
368	505950	0	11.7596	.
396	509005	1	6.5388	.
1098	6842720	0	33.1846	.
1099	6842784	0	25.4722	.
973	5928389	0	0.185039	.
553	520617	1	14.8434	.
120	433153	1	68.7055	.
437	512451	1	45.3215	.
357	505214	0	41.5253	.
1168	7110139	1	1.43595	.
669	1192932	0	0	.
182	461769	0	2.27533	.
482	516041	0	27.2127	.
921	4394604	1	8.04495	.
670	1192940	0	0.552618	.
1131	6926069	1	3.39502	.
1122	6893350	1	3.07875	.
1130	6926068	0	1.65311	.
1123	6893351	0	19.167	.
209	477778	0	129.807	.
160	445106	0	89.9965	.
64	282147	0	60.1983	.
184	463069	0	38.0301	.
732	1773626	1	5.62149	.
819	2991640	0	2.95144	.
820	2991650	0	1.78516	.
733	1773636	1	6.40711	.
891	4035556	1	1.32489	.
892	4035637	1	0.850395	.
851	3587256	0	1.36051	.
852	3587337	0	3.85446	.
450	513484	1	26.3009	.
590	667382	1	21.8488	.
587	645813	1	17.117	.
596	717774	0	3.86881	.
215	481405	1	1.84552	.
141	442017	1	0.490121	.
140	441987	1	46.2749	.
21	940	1	101.634	.
591	667383	0	0.361693	.
946	5187332	1	4.88403	.
962	5707754	0	2.59773	.
418	510683	0	7.301	.
366	505795	1	139.137	.
185	463886	0	66.9724	.
51	1743	1	9.84726	.
9	545	0	31.3279	.
552	520611	0	170.751	.
559	521103	1	52.8812	.
1200	7167341	0	15.696	.
1199	7167339	1	23.6997	.
327	501463	1	45.2838	.
546	520176	1	244.738	.
1116	6880203	1	16.8945	.
1103	6859182	1	14.8935	.
1104	6859183	1	31.7152	.
1115	6880202	1	26.7152	.
108	419128	0	2.6973	.
107	389007	1	3.73966	.
483	516051	1	21.1908	.
870	3786239	0	0.470946	.
691	1391753	0	0	.
395	508868	0	16.9493	.
537	519704	0	203.179	.
145	442467	0	24.7019	.
893	4043508	1	0.278132	.
887	3997635	0	0.221845	.
886	3997632	1	9.04769	.
190	466215	1	87.7247	.
123	436957	1	48.9083	.
490	516351	0	21.7745	.
540	519884	1	1.24121	.
529	519300	0	38.5675	.
781	2290605	1	0.486899	.
764	2196226	0	1.06655	.
47	1619	1	63.1002	.
14	661	0	89.2394	.
300	498730	0	112.323	.
122	434361	0	0	.
1023	6541669	1	11.7152	.
806	2756848	1	11.041	.
40	1459	1	2.73942	.
1144	6991177	1	4.14905	.
1142	6989106	1	52.1221	.
1143	6991176	0	56.2212	.
1022	6541668	0	0	.
210	478278	0	147.238	.
384	507342	0	161.186	.
1004	6415853	0	23.9859	.
1003	6415852	0	15.1609	.
1192	7154514	1	0.00465381	.
39	1430	0	142.847	.
295	498327	0	166.392	.
451	513706	0	127.127	.
927	4504848	0	1.41484	.
933	4653259	0	24.2727	.
928	4504853	1	37.7063	.
932	4653255	1	43.0734	.
211	478646	1	183.518	.
48	1639	0	169.019	.
534	519604	0	17.8279	.
719	1601517	1	3.17131	.
351	504495	1	37.2327	.
196	469753	0	82.5503	.
206	476084	0	89.4523	.
572	522169	0	91.7186	.
794	2500664	0	1.562	.
1161	7071406	1	16.1023	.
1162	7071413	0	14.9518	.
158	445006	1	19.9713	.
349	504371	1	44.2833	.
274	495678	0	12.1589	.
134	440925	0	3.75983	.
267	493689	0	217.569	.
312	500534	0	105.65	.
344	503502	0	67.9653	.
299	498597	1	16.4833	.
423	511275	0	58.9074	.
186	464270	0	47.6588	.
83	300357	0	118.936	.
416	510678	0	12.0307	.
689	1338434	0	5.21396	.
639	1027822	1	0.233959	.
786	2372759	1	72.427	.
871	3794898	1	61.2795	.
785	2372698	0	70.5898	.
872	3794959	0	86.112	.
363	505536	1	67.5061	.
72	284698	1	11.514	.
172	446667	1	23.3599	.
304	498962	1	1.46138	.
313	500572	0	206.431	.
10	552	0	5.27958	.
807	2828913	1	1.86335	.
809	2832073	0	10.9852	.
810	2832078	1	9.49532	.
808	2828918	0	1.81277	.
1097	6839585	1	1.58354	.
1089	6821973	1	2.25612	.
1088	6821826	1	0.47851	.
518	518798	0	335.422	.
342	503477	1	176.141	.
550	520539	1	32.3721	.
951	5213104	1	7.47152	.
974	5928398	1	0.0053795	.
950	5213095	0	0.0206576	.
835	3193274	0	0	.
565	521643	0	0	.
1019	6506829	1	10.2635	.
1020	6507090	1	15.1081	.
272	495478	0	3.62594	.
1163	7095807	1	10.811	.
1164	7095819	1	17.9217	.
481	516038	0	1.07418	.
521	518922	1	9.29292	.
246	488631	1	23.6753	.
407	510272	0	87.165	.
94	370648	1	4.87895	.
255	492115	1	10.0371	.
690	1338435	1	1.01777	.
623	933874	1	0.913875	.
621	933867	1	0.845011	.
398	509191	0	7.82465	.
739	1806538	1	13.0492	.
463	514823	1	36.0636	.
740	1806541	1	33.45	.
178	450232	1	10.355	.
532	519556	0	24.1314	.
873	3796051	0	5.10281	.
874	3796052	0	1.34039	.
305	499606	1	6.65508	.
212	480564	0	26.5142	.
358	505304	1	13.1107	.
616	895116	1	12.4522	.
693	1403617	0	2.2965	.
603	758807	1	4.6272	.
602	758806	1	2.73747	.
600	758758	0	8.56458	.
1170	7119518	1	12.339	.
1172	7119790	0	1.29023	.
18	750	0	170.775	.
412	510574	1	352.709	.
324	501263	0	26.5168	.
476	515549	1	118.449	.
1223	7366723	0	0.106138	.
231	485066	1	62.7742	.
322	501054	1	24.8357	.
49	1662	1	14.666	.
1136	6964559	0	4.22776	.
1139	6979685	1	2.5208	.
1081	6798419	1	1.15721	.
1074	6785014	1	0.0199319	.
1080	6798373	0	1.84146	.
1075	6785015	0	2.71784	.
195	469726	1	5.18986	.
1040	6606043	0	2.2067	.
1171	7119786	1	62.4314	.
1169	7119514	1	59.8571	.
1032	6582413	0	1.19132	.
1031	6582411	1	5.04316	.
1034	6582427	1	2.53052	.
1033	6582424	1	8.16496	.
308	500229	1	7.12709	.
1215	7217432	0	22.7783	.
1217	7217459	0	117.037	.
340	503211	0	2.30267	.
1216	7217458	0	51.3376	.
167	446299	0	0.565355	.
17	713	1	24.6036	.
168	446338	1	11.6794	.
131	439991	1	3.23731	.
894	4043509	0	4.03308	.
496	517064	0	234.962	.
271	495424	1	190.577	.
101	375850	0	66.3499	.
60	275407	0	56.1014	.
354	505060	0	34.5442	.
334	501979	0	10.0361	.
447	513372	0	121.446	.
660	1146686	1	1.61694	.
657	1142934	0	0.55833	.
658	1142962	1	0.340904	.
659	1146658	1	1.03405	.
636	1011440	1	59.7733	.
618	903350	1	84.6044	.
619	903398	1	24.5825	.
1151	7039189	0	113.669	.
1150	7026433	0	110.326	.
1149	7026431	0	20.3188	.
1152	7039191	0	23.9963	.
63	281610	0	0.823295	.
954	5285274	1	9.52127	.
969	5746111	1	9.02995	.
38	1426	0	99.4046	.
955	5285275	0	2.84728	.
968	5746110	0	6.10314	.
204	475166	0	13.8034	.
222	483091	1	113.825	.
593	683324	1	5.8751	.
221	483034	1	41.4864	.
97	372554	1	34.0891	.
350	504373	1	5.09125	.
792	2481354	1	2.51096	.
383	507323	0	36.1825	.
793	2481355	1	33.2136	.
881	3896271	0	0.0270533	.
799	2669507	0	0.00681969	.
41	1489	0	43.1492	.
390	507723	1	1.46035	.
859	3666354	0	6.46301	.
232	485288	1	177.26	.
11	572	0	359.164	.
392	508059	0	13.6117	.
656	1140035	0	1.61561	.
743	1837259	1	8.18135	.
655	1140034	0	7.78721	.
744	1837261	0	0.708796	.
150	442599	0	0	.
1051	6639757	1	61.1862	.
1029	6556030	1	45.4975	.
1028	6555852	0	5.91494	.
356	505209	1	144.463	.
71	284299	1	110.538	.
1	352	1	428.925	.
843	3382158	0	4.16971	.
749	1937738	0	5.29215	.
500	517396	1	108.699	.
400	509499	0	20.5642	.
375	506716	1	5.05881	.
1052	6639936	0	2.06274	.
445	513221	1	18.0211	.
362	505497	0	45.9776	.
429	511626	0	41.9811	.
345	503768	1	17.2893	.
253	492035	1	24.7494	.
323	501115	0	13.1936	.
998	6362518	0	18.0558	.
1000	6387559	0	25.1797	.
999	6387549	0	25.3536	.
4	459	1	8.36356	.
798	2629948	1	0.00648318	.
492	516539	1	0.541252	.
386	507359	0	278.609	.
68	283989	1	63.7178	.
294	498081	1	442.55	.
337	502531	0	487.23	.
842	3365874	0	1.37304	.
841	3365853	1	1.71049	.
778	2255778	0	0.531385	.
315	500587	0	60.3708	.
61	277421	0	35.9007	.
818	2901348	0	6.85595	.
235	486620	0	155.94	.
171	446596	1	100.06	.
373	506352	0	50.4153	.
940	4880186	0	84.7938	.
966	5713233	1	0.557733	.
960	5420432	0	5.11985	.
959	5420427	0	4.72909	.
967	5713238	1	4.02219	.
448	513396	0	227.383	.
464	514905	1	10.3201	.
1190	7150615	1	0.730055	.
1189	7150614	0	4.71927	.
1191	7150750	1	4.05175	.
442	513114	1	5.57616	.
379	506983	0	14.4963	.
915	4304546	1	2.49415	.
773	2230974	1	1.02763	.
224	483665	0	49.0647	.
434	512078	0	152.776	.
1068	6739280	1	5.94137	.
1067	6739230	1	2.42521	.
93	368508	0	0	.
187	464759	1	10.847	.
216	481415	1	16.4022	.
317	500627	1	42.1079	.
194	469686	0	21.2856	.
856	3661866	1	64.8298	.
857	3661867	1	50.6568	.
268	494083	1	26.9341	.
406	510173	0	42.9832	.
937	4765381	1	0.67877	.
765	2196227	1	3.28285	.
780	2290604	1	2.73004	.
519	518799	1	21.4804	.
121	434181	1	17.5627	.
504	517633	0	265.58	.
110	427631	0	203.434	.
74	285024	0	15.0076	.
348	504311	0	60.1765	.
290	497585	1	17.0064	.
722	1663122	1	0.985289	.
640	1027823	0	0.604563	.
239	486671	1	0.253452	.
688	1338427	0	0.665573	.
642	1027831	0	1.78593	.
1133	6926665	0	0	.
1214	7215179	0	72.0056	.
1212	7215177	0	34.1952	.
491	516436	0	21.7358	.
249	491413	1	9.36046	.
723	1665334	0	9.43297	.
404	509978	0	1.35356	.
724	1665336	0	21.013	.
3	449	1	22.0436	.
1030	6574754	1	0.196828	.
861	3708021	1	15.3831	.
860	3708007	1	14.1946	.
758	2087299	0	10.0641	.
726	1708764	0	9.38701	.
759	2087318	1	12.4078	.
251	491881	1	26.2268	.
276	495832	0	42.3674	.
896	4061164	1	5.61623	.
897	4061165	1	0.995173	.
936	4765380	0	4.68961	.
898	4061224	0	15.5603	.
314	500586	0	46.0453	.
198	469935	0	38.8054	.
1124	6893476	1	36.4567	.
523	518941	1	39.1458	.
146	442528	1	4.98794	.
821	3026720	1	1.57243	.
864	3748177	1	4.9391	.
822	3026749	1	9.55352	.
137	441404	0	2.03197	.
33	1273	1	26.5115	.
1121	6891705	1	10.5035	.
1120	6891703	1	3.9175	.
1085	6815475	0	2.17611	.
1084	6815473	1	0.704638	.
431	511799	0	64.1124	.
430	511788	0	47.9426	.
610	884531	1	5.25133	.
611	885268	1	0.369462	.
609	884530	1	0.425194	.
612	885269	0	1.68155	.
701	1464014	0	5.61616	.
703	1480484	0	4.68808	.
702	1464016	0	3.6109	.
704	1480511	0	4.67129	.
28	1099	0	30.3876	.
133	440837	1	5.64455	.
298	498596	1	3.11678	.
742	1810550	1	26.8822	.
741	1810543	1	16.516	.
791	2469981	1	3.90769	.
91	366391	1	4.6803	.
533	519591	0	101.05	.
895	4059208	1	18.386	.
264	493463	0	164.064	.
292	497666	0	214.407	.
869	3783876	1	0.455328	.
261	493116	1	1.72903	.
343	503500	1	83.6105	.
813	2876081	1	70.1514	.
281	496235	1	63.5337	.
86	311263	1	13.5619	.
498	517230	0	42.4487	.
648	1082242	1	0.968744	.
643	1076146	1	1.11285	.
169	446557	1	123.138	.
119	433104	1	88.6232	.
468	515069	1	16.7416	.
293	498033	1	24.1427	.
409	510382	1	56.1239	.
480	515825	0	0.987625	.
1201	7177409	1	0.00165421	.
1202	7177413	0	5.26383	.
493	516773	0	22.1289	.
393	508372	0	103.17	.
917	4325903	1	1.54734	.
176	448120	1	446.003	.
511	518131	1	493.956	.
730	1750163	1	10.0529	.
754	2028600	1	7.55533	.
729	1750144	1	13.0249	.
755	2028619	1	10.0544	.
789	2459343	0	1.39504	.
783	2362531	1	6.68346	.
784	2362582	1	4.00012	.
790	2459394	1	0.590524	.
838	3305986	1	2.50012	.
837	3305964	1	2.49067	.
44	1506	1	2372.05	.
34	1339	0	53.3227	.
971	5762131	1	1.80271	.
944	5025569	1	0.749005	.
943	5025567	0	0.367625	.
972	5762133	1	0.432558	.
833	3158010	1	0.0208462	.
834	3158039	1	0.761592	.
827	3077628	1	1.05785	.
666	1183562	1	4.08545	.
667	1191494	0	12.273	.
473	515520	1	1.23499	.
668	1191500	0	34.6187	.
665	1183556	0	2.05209	.
381	507045	0	90.1089	.
244	487254	1	86.2514	.
203	472187	0	78.6328	.
449	513458	0	54.882	.
699	1458326	0	33.2291	.
772	2206499	0	5.37938	.
700	1458327	1	2.05687	.
771	2206498	1	1.8725	.
512	518172	0	0	.
479	515733	1	1.68176	.
181	461738	0	2.86718	.
662	1176525	0	0.371947	.
682	1290846	0	1.54575	.
661	1176524	1	1.32486	.
683	1290847	1	12.5481	.
525	518968	0	31.9971	.
502	517470	0	96.1038	.
320	500946	0	43.3693	.
347	504110	0	17.9036	.
625	964617	0	13.1227	.
624	964610	1	13.2308	.
80	292067	0	0	.
672	1201332	0	2.35232	.
399	509253	0	33.1487	.
558	521079	0	219.724	.
388	507714	0	103.766	.
920	4384594	0	0.250721	.
931	4521243	1	5.26384	.
541	519904	0	86.7277	.
102	376214	1	41.0399	.
250	491830	1	72.9222	.
326	501349	1	61.6079	.
1050	6627461	1	1.182	.
1049	6627460	0	2.80294	.
1048	6627456	0	4.31064	.
1047	6627455	1	3.46499	.
371	506093	1	66.3022	.
333	501946	0	34.0726	.
578	544470	0	1.94063	.
577	544469	0	19.5474	.
369	506000	0	7.92654	.
579	544471	0	3.67729	.
408	510335	1	10.4092	.
544	520032	1	52.9084	.
956	5311689	0	0.0967241	.
580	622770	1	1.45296	.
583	622869	1	10.3735	.
581	622771	0	21.8253	.
582	622868	0	15.3024	.
548	520355	0	1.63861	.
265	493466	0	104.304	.
427	511544	0	36.8021	.
1112	6877387	0	9.49687	.
1110	6870303	0	6.46831	.
1111	6877386	0	4.17348	.
1109	6870302	0	0.895487	.
751	1963282	0	0.56875	.
542	519964	1	0.96035	.
59	275121	1	0.0102311	.
1055	6655864	0	28.0725	.
1042	6622005	1	30.0143	.
1041	6622004	0	0.762156	.
1056	6655865	1	8.81468	.
469	515112	1	29.5982	.
144	442405	1	0.68359	.
391	507743	0	21.9027	.
341	503229	1	21.7491	.
197	469857	0	6.98703	.
747	1928200	0	4.71642	.
746	1905654	0	1.96905	.
242	486906	1	8.11327	.
16	711	1	80.9824	.
411	510456	1	63.5086	.
219	482799	0	33.452	.
756	2051209	0	0.00868022	.
90	366328	1	15.2611	.
89	366287	1	17.317	.
538	519771	0	57.1813	.
1148	7023841	0	17.9149	.
75	285291	0	8.01525	.
1147	7023840	0	20.0756	.
800	2698341	0	2.98725	.
801	2698342	0	14.9914	.
803	2698377	0	9.27474	.
105	378131	0	51.655	.
87	365553	0	34.5534	.
77	285635	1	2.45647	.
802	2698376	1	3.97309	.
840	3365792	0	0.349244	.
839	3365771	0	0.949364	.
777	2255696	0	0.656365	.
776	2255675	1	2.0179	.
975	5935208	0	2.8116	.
283	496315	0	28.1708	.
403	509857	0	219.63	.
922	4414628	0	0.168254	.
370	506083	1	29.226	.
166	446178	0	11.4603	.
432	511950	1	25.2423	.
65	282846	1	4.32734	.
1184	7143279	1	9.83088	.
1183	7143278	0	22.3986	.
1186	7143282	0	31.0283	.
1185	7143281	1	8.7007	.
78	285750	1	13.3568	.
76	285368	1	19.7909	.
53	1779	1	44.9696	.
31	1174	1	24.6001	.
991	6330577	1	2.05522	.
633	1006402	0	0	.
1182	7143273	1	216.719	.
1179	7143270	1	209.727	.
1180	7143271	0	145.312	.
1181	7143272	0	135.484	.
787	2458860	1	2.42852	.
788	2458865	1	6.07105	.
280	496084	0	15.3833	.
1035	6582546	0	0.713316	.
1037	6583065	0	0.882838	.
1036	6582626	0	0.393874	.
70	284284	1	0.330937	.
287	497170	1	82.7034	.
142	442202	0	93.8409	.
6	462	1	73.8006	.
220	482870	0	69.6591	.
488	516299	0	47.2859	.
750	1946648	0	0	.
878	3845953	1	0.252472	.
36	1352	0	867.612	.
2	448	1	6.28235	.
236	486634	0	1.31752	.
527	519253	0	224.589	.
685	1318587	0	0.292534	.
684	1318578	0	1.7049	.
627	965463	0	3.03257	.
626	965454	0	0.133228	.
543	520006	0	227.334	.
208	477333	1	154.99	.
1221	7224115	1	32.7897	.
1219	7224113	1	4.4313	.
1220	7224114	0	4.43957	.
1218	7224112	1	2.773	.
1102	6849415	1	45.2173	.
1126	6906397	0	33.1286	.
1125	6906396	0	51.2608	.
1101	6849414	1	63.3924	.
1066	6731755	0	1.09088	.
114	431414	1	0.334824	.
329	501833	0	54.7069	.
653	1121512	1	67.3648	.
652	1121511	1	30.4613	.
651	1121510	0	29.6726	.
654	1121513	0	5.35943	.
148	442581	0	11.7858	.
330	501864	1	14.2356	.
201	470719	0	0.19736	.
22	973	0	0	.
877	3815781	0	8.21325	.
531	519477	1	173.418	.
563	521516	1	116.876	.
782	2331333	1	0.587046	.
664	1182253	1	2.00473	.
673	1201333	0	2.20707	.
829	3129630	1	0.00678888	.
830	3129631	1	36.1419	.
420	510842	0	28.1464	.
174	447163	1	10.7843	.
1039	6603099	0	3.77538	.
1038	6603098	0	0.167847	.
676	1262906	0	5.10525	.
713	1586176	0	16.534	.
555	520793	1	4.86762	.
257	492410	0	39.0967	.
436	512353	1	230.847	.
81	296842	1	2.85037	.
157	443989	1	177.696	.
46	1593	0	99.0111	.
116	431971	1	21.356	.
161	445117	0	0	.
24	1029	1	125.59	.
438	512511	1	334.42	.
237	486644	1	99.4573	.
100	375734	1	40.2952	.
524	518958	1	5.88134	.
1196	7164294	1	2.53143	.
945	5162440	1	2.51491	.
567	521769	0	97.5209	.
125	438290	1	64.4916	.
441	512856	0	141.304	.
513	518232	0	23.4798	.
592	676765	0	4.03109	.
731	1755193	0	1.68891	.
728	1712443	0	2.37096	.
727	1712433	0	0.612486	.
505	517684	1	0.275953	.
990	6321330	1	33.742	.
989	6321329	1	33.9657	.
374	506664	0	150.183	.
296	498422	0	17.8922	.
230	484700	0	121.935	.
425	511313	1	146.729	.
405	510068	1	136.561	.
43	1501	1	275.325	.
620	933865	0	3.11992	.
494	516990	0	7.60863	.
622	933872	0	13.5791	.
547	520335	1	28.1093	.
595	705873	0	21.4905	.
446	513334	0	145.428	.
54	198635	1	8.88896	.
1176	7129276	1	2.83664	.
1175	7129118	1	3.5657	.
376	506903	0	141.121	.
55	244491	0	29.8976	.
981	6233410	1	10.09	.
980	6233406	0	5.0134	.
983	6233428	0	4.18815	.
976	6227196	1	22.9845	.
56	245683	0	7.32479	.
978	6227214	1	5.84328	.
977	6227200	1	6.60788	.
982	6233424	1	1.77089	.
979	6227218	1	2.3453	.
993	6335255	1	3.95437	.
992	6335254	1	9.79283	.
515	518656	0	167.776	.
58	270866	1	162.278	.
824	3055012	1	3.75159	.
930	4520858	1	38.7856	.
823	3055011	1	16.7657	.
825	3055034	0	7.31873	.
200	470015	0	2.30384	.
159	445073	0	16.6958	.
62	277486	0	16.7522	.
924	4473998	0	55.697	.
762	2161774	0	48.973	.
509	517949	1	26.9539	.
66	282856	1	10.1659	.
647	1082049	1	0.874304	.
645	1082047	1	6.61561	.
646	1082048	1	4.29452	.
644	1082046	1	8.05168	.
79	290236	0	11.8843	.
663	1182252	0	16.9887	.
486	516138	1	103.586	.
258	492467	0	158.362	.
1153	7040757	0	2.84228	.
882	3919536	0	6.80122	.
487	516242	0	147.781	.
152	442899	0	196.224	.
82	298831	0	50.8121	.
1198	7164844	1	15.2783	.
712	1586142	0	8.14084	.
677	1262940	0	8.12115	.
424	511285	0	135.467	.
270	495324	0	16.9827	.
260	492872	0	10.2497	.
84	301117	0	22.4491	.
1211	7215176	1	7.06204	.
1213	7215178	0	5.98276	.
507	517750	0	121.308	.
321	500989	1	270.283	.
311	500529	0	79.9032	.
306	499974	1	36.347	.
88	365975	0	2.61756	.
566	521703	1	12.7367	.
103	377619	1	16.7901	.
925	4490166	1	3.91998	.
926	4490167	0	9.61734	.
910	4239549	0	8.87268	.
909	4239548	1	0.3763	.
1165	7096685	1	46.8213	.
573	522232	0	152.295	.
104	378014	0	45.2044	.
536	519691	0	73.9774	.
149	442592	0	104.287	.
988	6296949	1	15.7509	.
352	504733	1	31.1067	.
113	431408	1	52.6876	.
336	502390	0	13.72	.
259	492478	0	0	.
1054	6642741	1	13.0545	.
1053	6642740	1	18.4203	.
154	443751	1	98.8871	.
115	431860	0	99.9377	.
130	439925	0	0	.
1010	6443792	1	0.43132	.
1011	6443793	1	4.44998	.
1012	6445658	1	3.99965	.
1013	6445659	0	0.133954	.
570	522067	1	8.98364	.
135	441281	1	16.0706	.
638	1019275	0	11.7709	.
637	1019274	0	13.5318	.
606	834458	1	7.67543	.
607	834466	1	0.243198	.
499	517347	0	25.8784	.
247	490190	1	269.691	.
136	441370	1	214.462	.
338	502766	1	120.699	.
1137	6976062	0	55.4187	.
1138	6976063	0	3.98314	.
1021	6515000	0	1.97905	.
1018	6504987	0	2.41649	.
419	510771	1	0.189542	.
737	1800315	0	61.3787	.
359	505363	1	0.434413	.
736	1800313	0	87.2011	.
228	484495	1	66.6456	.
151	442610	0	25.567	.
155	443825	0	0	.
278	495939	1	3.18067	.
163	445308	0	8.49238	.
1095	6838073	0	6.95054	.
1092	6838070	0	13.8496	.
1093	6838071	0	12.7965	.
1094	6838072	0	4.0034	.
164	445411	0	0	.
165	446131	0	0	.
716	1601511	0	0	.
1159	7064029	1	2.92042	.
1158	7061428	1	3.16346	.
1160	7064030	0	2.06055	.
1157	7061427	0	28.3791	.
378	506976	0	126.485	.
170	446587	1	92.8991	.
302	498823	1	40.0187	.
177	448686	1	17.2455	.
711	1570941	0	6.70507	.
708	1570865	0	5.488	.
710	1570939	0	27.3767	.
709	1570867	0	29.154	.
545	520082	0	52.0895	.
183	462131	0	20.6147	.
634	1010348	0	7.74432	.
635	1010349	0	4.73136	.
707	1537695	0	1.64749	.
188	465374	0	0	.
1193	7162048	0	12.0581	.
193	467888	1	6.31789	.
761	2138299	0	4.09377	.
779	2279969	0	18.9185	.
760	2138279	0	29.9785	.
380	506989	1	312.525	.
214	481092	1	79.0907	.
965	5707764	1	0.795448	.
1178	7142465	0	0.534539	.
254	492067	0	212.962	.
234	486514	0	169.027	.
594	705847	0	23.0455	.
335	502165	0	154.094	.
241	486685	1	77.1565	.
844	3492886	1	0.0868307	.
846	3492927	1	2.26713	.
767	2199208	1	6.16446	.
564	521554	1	34.628	.
245	487648	0	40.9117	.
1027	6549761	1	81.629	.
1015	6448035	0	71.8641	.
1026	6549704	0	57.0458	.
1014	6447978	1	71.7328	.
263	493189	0	5.39855	.
679	1263525	0	19.6919	.
681	1268649	1	15.2262	.
678	1263524	1	39.945	.
680	1268648	0	44.6212	.
517	518772	1	4.26516	.
269	494129	0	6.68172	.
863	3714577	1	8.5239	.
862	3714569	1	6.59513	.
561	521300	1	66.2866	.
285	496388	0	83.9675	.
307	500142	0	8.0089	.
303	498947	1	136.61	.
401	509550	0	94.8493	.
613	886322	0	0	.
615	892709	0	0.178068	.
614	889137	1	0.178068	.
686	1332540	1	3.30193	.
675	1220444	0	1.29558	.
674	1220428	0	14.1288	.
695	1435420	1	2.20063	.
694	1435417	1	2.21064	.
696	1448059	0	0	.
854	3603089	0	0	.
855	3603116	0	0	.
868	3783849	0	0	.
879	3845960	0	0	.
885	3951818	0	17.7969	.
884	3951780	0	13.8828	.
1141	6988170	1	7.54084	.
1140	6988133	1	10.8501	.
899	4112834	1	0.6748	.
888	4019564	1	0.64539	.
958	5314835	0	15.9181	.
957	5314834	1	39.5648	.
961	5589285	0	23.6544	.
1002	6406360	0	0	.
1005	6418802	0	0	.
1007	6437224	0	0	.
1016	6455684	0	0	.
1017	6490181	0	0	.
1071	6760645	0	0	.
1108	6862082	0	7.73469	.
1091	6836589	1	4.73504	.
1090	6836588	1	11.053	.
1107	6862080	0	15.5873	.
1127	6920378	0	0	.
1129	6920760	1	2.92515	.
1128	6920728	1	2.37224	.
1135	6955658	0	1.82475	.
1166	7096687	0	0	.
1167	7101149	0	0	.
1203	7206385	0	0	.
1222	7278111	0	0	.
