# ContigOrdering file.  This file represents a ContigOrdering object, which describes an ordering of contigs within a Proximo cluster.
# See ContigOrdering.h for more documentation.
#
# Important numbers:
#	N_contigs	2188	(Number of contigs in the input cluster)
#	N_contigs_used	2188	(Number of contigs ordered by this ordering)
#	has_Q_scores	1	(Boolean: has orientation quality scores?)
#	has_gaps	0	(Boolean: have gap sizes between contigs been estimated?)
#
# Columns:
#contig_ID(local)	contig_name	contig_rc	orientation_Q_score	gap_size_after_contig
799	511362	1	6.80585	.
379	474397	1	10.5169	.
819	512305	1	61.5152	.
514	494329	1	61.3494	.
468	486754	0	13.4622	.
427	483041	0	3.34552	.
73	1328	1	235.567	.
707	507423	0	249.881	.
596	501429	0	28.6854	.
2001	6927833	1	4.70938	.
2000	6919492	1	0.83174	.
1540	2686276	1	5.95141	.
1543	2706660	1	7.93723	.
1541	2686278	0	3.33082	.
1542	2706658	0	2.77662	.
5	437	0	232.872	.
644	504503	1	1.45928	.
54	1127	0	54.9102	.
1694	4650449	1	0.0208282	.
1681	4513428	0	0	.
1675	4382369	0	3.43274	.
175	366411	0	161.73	.
391	476051	0	54.2642	.
2134	7170329	0	12.2611	.
2133	7170327	0	15.6048	.
883	514892	1	9.19851	.
528	495652	0	39.7586	.
490	491664	0	11.4328	.
266	441901	1	18.8731	.
421	482786	0	4.12816	.
977	518048	0	6.34029	.
993	518469	0	0	.
1578	3156404	1	4.65937	.
1673	4343460	1	9.57108	.
1579	3156440	1	22.0757	.
372	472205	0	25.3298	.
1964	6811727	1	18.1562	.
1951	6772288	1	3.50657	.
1963	6811726	0	1.78047	.
1952	6772289	0	1.84231	.
293	445502	0	5.41622	.
1111	577760	0	2.02818	.
1307	1229458	0	15.1141	.
570	499086	1	10.1147	.
238	438661	1	12.098	.
113	245646	1	12.6359	.
75	1363	0	569.953	.
207	427700	1	16.4895	.
1798	6342037	0	0	.
1976	6842799	0	13.3442	.
1974	6842795	1	22.9338	.
1975	6842798	1	16.1349	.
1973	6842794	0	18.2008	.
1017	519184	0	76.7636	.
989	518378	1	108.679	.
538	496329	1	51.3567	.
353	469653	1	57.8216	.
1021	519406	1	1659.53	.
1031	519627	0	1636.29	.
159	317321	1	5.25153	.
1393	1716968	0	0.521533	.
1223	904384	0	2.83989	.
1225	904402	0	32.1629	.
602	501960	0	18.9055	.
1082	521600	0	4.38628	.
1236	930917	1	0.279404	.
1008	518824	1	41.4544	.
142	291697	0	49.1865	.
2045	7032866	1	1.92361	.
2048	7034031	1	2.21338	.
965	517740	0	0.000277005	.
2046	7032959	0	1.42703	.
2047	7033938	0	1.69834	.
1807	6404771	1	2.43436	.
1804	6401324	1	6.35141	.
1808	6404838	0	0.798644	.
1803	6401257	1	7.15974	.
866	514046	1	137.737	.
48	1023	0	55.0107	.
192	375849	0	53.0481	.
584	500423	0	2.21635	.
635	504186	1	10.9028	.
191	375750	0	96.1531	.
1985	6871528	0	1.48637	.
1986	6871529	1	4.17981	.
554	497556	1	4.80145	.
516	494556	1	109.195	.
9	488	0	112.956	.
1612	3762839	0	29.4291	.
1320	1279721	0	26.1696	.
1319	1279720	1	4.91065	.
1317	1279718	1	5.59862	.
1318	1279719	0	4.95679	.
1512	2528474	1	2.13165	.
2154	7215264	0	79.1766	.
2156	7215426	0	38.5329	.
2155	7215280	1	8.49876	.
914	515949	0	81.5671	.
1041	519911	0	11.8732	.
2073	7069924	0	2.00278	.
2074	7069961	1	3.71867	.
1577	3124931	1	1.3125	.
1576	3124930	0	2.16574	.
1592	3405706	1	4.47565	.
1593	3405707	1	1.19594	.
482	490397	1	16.1242	.
908	515700	1	56.4581	.
1324	1293567	1	11.2248	.
1323	1293566	1	14.0755	.
399	478439	1	104.533	.
842	513181	0	273.988	.
416	481603	0	7.63613	.
765	510066	0	80.9621	.
1917	6673607	0	21.3717	.
1908	6650746	0	14.7996	.
1916	6673606	1	11.1622	.
1909	6650747	1	2.65323	.
466	486712	0	141.882	.
559	498049	1	188.511	.
633	504038	0	283.849	.
409	480643	1	7.68268	.
36	824	0	46.9583	.
872	514282	0	5.18948	.
1157	689351	1	14.5306	.
1156	689350	1	7.51716	.
1154	689272	0	0.0515306	.
1155	689273	1	8.65596	.
97	1633	0	39.3967	.
315	448334	0	383.106	.
327	461490	0	456.451	.
1889	6599639	1	10.7529	.
1876	6578018	1	3.95672	.
1888	6599638	1	10.1926	.
1877	6578019	1	5.10314	.
520	495174	1	147.775	.
578	499946	0	164.982	.
1658	4158753	1	16.0866	.
1655	4126342	0	7.20884	.
1657	4158718	1	7.89274	.
1656	4126377	1	1.89948	.
464	486655	0	2.87417	.
867	514053	0	28.1531	.
1683	4536630	1	1.85259	.
1362	1458709	0	2.72654	.
1032	519651	1	169.6	.
981	518130	1	244.012	.
76	1379	0	1.27775	.
974	517912	0	105.122	.
1078	521388	1	70.3048	.
395	478184	0	63.1597	.
503	493364	0	0	.
400	478509	0	8.73165	.
204	427306	0	13.8315	.
825	512594	0	11.6207	.
958	517562	1	320.088	.
658	505113	1	101.941	.
848	513347	1	21.1243	.
1343	1365956	1	8.00515	.
319	450058	0	21.5544	.
437	483580	1	220.937	.
337	463629	0	6.31301	.
708	507489	1	10.6242	.
1302	1203471	0	0.406886	.
1303	1214797	1	11.1608	.
1018	519288	0	28.7716	.
579	500049	0	6.43133	.
1145	672757	1	1.75523	.
1144	672754	1	1.98839	.
1332	1335396	1	2.96077	.
1333	1335397	0	2.04259	.
938	516747	1	12.2239	.
220	432722	0	25.8738	.
820	512417	1	51.9995	.
667	505479	1	35.2198	.
715	507807	0	89.6451	.
1081	521599	0	1.50276	.
1109	566313	0	2.80677	.
1108	566312	0	0.581195	.
784	510703	1	45.8549	.
105	1828	1	99.9187	.
92	1542	1	122.549	.
815	512058	0	249.972	.
553	497352	1	14.8612	.
1176	739362	0	3.54358	.
1172	726990	1	3.62734	.
1173	727013	1	3.90822	.
483	490590	1	109.624	.
240	438770	1	161.447	.
666	505464	0	67.9764	.
57	1149	1	492.923	.
1530	2643124	0	0.1365	.
1360	1449987	1	1.17576	.
174	366306	0	18.9116	.
518	494897	1	21.139	.
729	508146	1	2.5555	.
536	496232	0	12.2602	.
1391	1716950	1	0.500861	.
256	441448	0	58.4517	.
572	499159	0	115.145	.
944	517048	1	8.65539	.
329	461779	0	11.0115	.
904	515652	0	30.7802	.
357	469897	0	0	.
720	507927	1	6.92859	.
534	496148	1	9.88182	.
701	507136	1	27.7227	.
941	516942	1	20.0297	.
62	1179	1	15.2808	.
1608	3707014	0	5.85244	.
889	515275	0	56.5581	.
128	284039	0	1.67179	.
862	513834	1	1.47666	.
1210	847065	1	14.2036	.
1206	844361	0	13.5846	.
1205	844357	0	5.10081	.
1209	847062	1	5.10334	.
1780	6270351	1	0.583127	.
259	441549	1	13.7793	.
362	470415	0	35.1786	.
727	508023	0	107.842	.
504	493394	1	82.4557	.
522	495379	1	89.1315	.
1411	1883471	0	16.3524	.
1410	1882991	0	12.9351	.
1409	1882987	1	4.59909	.
539	496365	0	41.3891	.
778	510529	0	92.5826	.
489	491628	1	6.80955	.
894	515334	1	408.332	.
983	518261	1	870.669	.
1183	768122	0	1.70818	.
562	498220	0	69.8694	.
486	491143	0	15.6773	.
366	470656	0	6.05693	.
691	506612	1	5.96405	.
1937	6715314	0	5.80663	.
1938	6715315	1	2.46442	.
506	493469	0	8.35352	.
1120	606880	1	53.7953	.
103	1792	1	131.474	.
101	1768	1	239.378	.
648	504596	0	42.8914	.
1095	522148	1	39.5657	.
1924	6691312	0	24.4577	.
1901	6632865	0	11.7796	.
1925	6691313	1	82.1852	.
1900	6632864	1	90.9376	.
1604	3661877	1	3.21955	.
1603	3661870	1	5.9493	.
1097	522269	0	919.238	.
423	482856	1	784.962	.
702	507188	0	28.4487	.
535	496217	0	52.2124	.
997	518634	1	204.468	.
2014	6952395	0	24.5351	.
301	445882	0	2.97357	.
604	502059	1	32.7948	.
642	504346	0	31.0929	.
694	506758	0	17.0096	.
863	513903	0	32.5818	.
728	508032	1	1.47501	.
713	507797	1	126.945	.
1069	521126	1	38.6168	.
1421	1967909	1	6.09114	.
1426	1985811	0	1.74913	.
1422	1967944	0	1.35879	.
1427	1985846	1	1.89233	.
1207	847054	0	0.992878	.
1203	844350	1	2.96741	.
1204	844351	0	8.99194	.
1208	847055	0	10.6614	.
1075	521270	1	73.4076	.
891	515310	0	45.541	.
51	1090	1	54.209	.
49	1028	0	76.1157	.
179	369100	1	7.41074	.
2013	6952151	0	18.1428	.
418	481760	1	8.43326	.
1902	6636262	1	5.84438	.
1851	6500253	1	5.88309	.
1849	6500248	0	1.97514	.
1903	6636265	0	6.72069	.
267	441903	0	8.1021	.
629	503565	0	123.881	.
1012	518934	1	17.7758	.
252	441141	0	35.3368	.
854	513631	1	194.063	.
922	516269	1	1061.84	.
193	375851	1	687.077	.
1414	1915885	0	0.246314	.
1989	6880198	1	6.80533	.
405	479849	1	12.0169	.
2092	7122844	0	16.128	.
285	443979	1	150.702	.
501	492388	0	180.58	.
410	480865	0	41.5682	.
2121	7144070	1	133.248	.
2120	7144068	1	185.948	.
1826	6465835	0	0	.
1269	1092655	1	0.718771	.
1270	1092674	0	1.86207	.
546	496662	1	4.20233	.
383	475177	1	27.1038	.
1268	1092653	1	1.27163	.
1267	1092652	0	0.714546	.
1009	518843	0	87.2005	.
1825	6465834	0	0	.
2162	7216620	1	1.7012	.
2165	7216919	1	8.71676	.
869	514251	0	17.7264	.
355	469707	1	30.3636	.
288	445130	0	0.0777123	.
573	499290	1	105.1	.
166	358552	0	20.9475	.
1126	617747	0	29.2824	.
1314	1242574	1	0.374961	.
375	472887	0	2.68305	.
1313	1242570	0	0.907352	.
1813	6425183	0	0.641894	.
1125	617746	1	14.0478	.
1124	617745	0	12.9451	.
1123	617744	1	91.224	.
580	500132	1	76.1468	.
22	674	1	15.9237	.
669	505529	0	33.0997	.
260	441560	0	3.93999	.
343	467576	0	7.40118	.
786	510789	1	203.888	.
44	983	0	118.336	.
930	516586	0	245.069	.
795	511241	0	71.6779	.
2030	6998779	1	2.16613	.
550	497076	0	0	.
247	440293	1	24.0844	.
1073	521194	1	123.79	.
2122	7154564	1	2.18233	.
1782	6270823	1	5.73804	.
912	515836	1	16.9772	.
1781	6270815	1	1.21846	.
1784	6271187	0	3.55266	.
692	506661	0	194.565	.
263	441672	0	38.4844	.
392	476116	1	13.6575	.
1582	3170958	0	19.9414	.
1583	3170959	1	11.457	.
1619	3855308	0	3.22383	.
951	517382	1	52.5916	.
269	442122	1	58.6494	.
16	558	1	24.8001	.
1398	1784795	1	0.453881	.
792	510976	0	15.9283	.
202	427114	1	19.8463	.
149	294708	0	14.4081	.
89	1515	1	189.979	.
117	273810	1	70.9734	.
656	505070	1	10.1877	.
537	496311	0	48.8911	.
1050	520168	0	54.9753	.
1042	519920	1	51.159	.
840	513150	0	76.6356	.
671	505573	0	55.4319	.
589	500659	0	49.1425	.
115	270456	1	44.3186	.
264	441686	0	82.085	.
126	283664	1	148.565	.
1127	622430	1	5.00097	.
1128	622431	0	0.542771	.
1838	6483719	0	2.92781	.
1835	6483714	0	1.91379	.
1836	6483715	1	15.965	.
1061	520778	0	9.66983	.
1837	6483718	1	4.6907	.
1730	5334526	1	14.663	.
683	506332	1	5.67196	.
469	486895	1	116.92	.
156	316221	1	95.7247	.
1671	4337303	0	10.4878	.
1580	3165277	1	11.059	.
1672	4337314	1	6.17377	.
1581	3165288	1	1.80503	.
338	463900	1	151.558	.
598	501747	1	155.329	.
384	475437	1	35.3185	.
53	1121	1	95.1907	.
935	516669	0	17.5643	.
19	614	0	183.25	.
1525	2607635	0	1.88512	.
1524	2607634	0	10.1675	.
1003	518742	0	11.3889	.
1062	520821	1	12.8214	.
249	440807	0	93.8537	.
1089	522007	0	98.0089	.
2139	7191105	0	55.706	.
1971	6838080	1	0.885707	.
1972	6838081	1	39.2214	.
1034	519703	0	56.4898	.
309	446355	1	65.4677	.
1002	518729	0	42.5339	.
1175	732203	0	1.33267	.
1174	731645	1	1.33267	.
1990	6880199	1	12.6712	.
1983	6859181	0	11.9537	.
194	375928	1	210.454	.
618	503078	1	216.573	.
1613	3774224	0	0.709161	.
1614	3774252	0	1.46697	.
206	427687	1	17.679	.
150	299477	0	4.95612	.
557	497710	0	10.3577	.
317	449727	0	9.35246	.
521	495350	0	20.0341	.
733	508492	0	4.38202	.
1760	6067583	1	4.10766	.
1751	5974373	1	0.747683	.
1759	6067582	1	2.19974	.
1750	5974372	0	1.87903	.
1625	3928335	0	0.551402	.
1649	4081491	0	8.005	.
777	510527	0	2.40409	.
1648	4081486	0	3.80561	.
1624	3928330	0	0.56036	.
1430	1994714	0	4.89942	.
1431	1994715	0	36.4601	.
479	489359	1	16.4524	.
662	505195	1	13.8946	.
106	215735	0	1.87138	.
237	438377	1	100.812	.
457	486172	0	65.0648	.
20	632	1	109.303	.
853	513545	0	48.6205	.
1824	6464685	0	4.03425	.
1823	6459614	0	4.57449	.
1137	656918	0	1.0228	.
1135	656814	0	4.03081	.
1134	656788	0	7.6144	.
180	369367	0	18.2394	.
169	364515	1	19.3708	.
1500	2458862	0	47.1485	.
1501	2458867	0	60.5391	.
224	433149	0	10.8322	.
1076	521345	1	8.97398	.
1132	637852	0	9.83793	.
973	517907	0	0	.
1165	716324	1	3.57673	.
529	495768	1	114.802	.
826	512611	0	112.598	.
454	486048	1	34.784	.
1699	4670745	1	3.87556	.
1697	4657437	0	3.31354	.
1698	4670734	0	8.64928	.
744	508903	0	0.0991367	.
1696	4657426	1	10.5477	.
1400	1784813	0	7.10917	.
1399	1784804	0	7.95702	.
1401	1798824	0	2.27085	.
1402	1798833	0	8.74746	.
1404	1798851	0	5.14697	.
1403	1798842	0	5.08102	.
494	491987	1	10.9197	.
158	317295	1	3.67405	.
1164	716270	0	31.5469	.
1163	716269	0	78.445	.
231	436995	0	4.53896	.
574	499381	1	56.7144	.
1162	716268	0	32.3386	.
1051	520230	0	0.0138063	.
1961	6806389	0	0.845005	.
2144	7210009	0	22.0812	.
774	510411	1	1.1515	.
2145	7210393	0	11.2779	.
1716	4809259	1	0.271708	.
1707	4735336	1	10.2977	.
945	517172	0	183.208	.
1080	521535	0	92.9332	.
2063	7063896	0	1.64748	.
2064	7063897	0	9.71589	.
2065	7063898	0	3.68702	.
2066	7063899	1	0.626555	.
1715	4809258	1	0.371275	.
1708	4735337	1	3.01653	.
1718	4809296	0	11.0455	.
1709	4735340	0	4.23595	.
1710	4735374	0	7.27096	.
1717	4809262	0	12.7545	.
18	606	1	810.161	.
1074	521231	0	49.3156	.
2113	7136549	1	5.22389	.
1035	519738	0	0	.
1451	2113438	0	0	.
1457	2178008	1	21.2444	.
1458	2178009	1	11.1467	.
218	432175	0	26.4214	.
1053	520456	0	38.2935	.
1468	2273685	0	0.117962	.
170	364809	1	23.8568	.
425	482957	0	26.0695	.
1539	2677940	0	1.68284	.
1545	2732466	0	0.742708	.
1538	2677928	1	1.24824	.
1546	2732478	0	0.0876398	.
8	471	0	47.0327	.
1131	632281	0	0.645328	.
747	509024	1	33.9246	.
597	501517	0	79.0766	.
668	505486	0	84.2123	.
893	515318	1	151.995	.
1486	2409873	1	47.4344	.
1485	2409800	1	16.5273	.
1046	519974	0	25.1715	.
1047	519997	1	11.3806	.
1646	4076092	1	5.76	.
1647	4076095	1	0.281807	.
1474	2356262	1	6.99861	.
798	511360	0	14.1044	.
560	498087	0	23.9781	.
2054	7038519	0	31.1761	.
2053	7038518	1	9.55099	.
381	475153	0	7.30301	.
359	469983	1	259.714	.
824	512536	1	270.377	.
1834	6477865	0	24.4581	.
1833	6477857	0	41.6536	.
64	1214	0	4.98544	.
788	510811	1	94.8031	.
1087	521858	1	448.379	.
2123	7155468	0	23.1083	.
2125	7155480	1	23.4888	.
2126	7156338	1	23.8414	.
2127	7156350	0	8.79602	.
665	505424	1	3.32654	.
917	516153	0	31.7534	.
155	315892	0	18.6442	.
361	470271	1	39.8867	.
2093	7122845	1	1.71969	.
2091	7122843	1	31.4494	.
428	483047	1	1.0612	.
2090	7122842	1	27.8943	.
1553	2785232	1	0.694761	.
1555	2817448	0	1.46356	.
81	1450	1	102.829	.
986	518347	1	176.314	.
902	515495	0	69.5241	.
1827	6465836	0	1.73276	.
1845	6491068	1	11.9037	.
1843	6491066	1	4.58233	.
1828	6465841	1	12.499	.
1844	6491067	0	20.0735	.
1846	6491073	1	15.7429	.
1304	1214799	0	34.5182	.
1301	1203470	0	46.9744	.
104	1793	0	21.6789	.
919	516192	1	478.865	.
933	516622	1	285.279	.
673	505775	1	67.0732	.
13	526	1	149.908	.
58	1151	0	964.278	.
746	509007	1	15.539	.
1309	1235424	1	17.7062	.
183	372443	1	3.08035	.
1310	1235425	1	46.9569	.
1376	1575540	1	3.97197	.
1377	1575541	0	12.1448	.
441	484132	0	0	.
17	583	1	0.118726	.
164	354577	0	0.00569905	.
1995	6894992	1	25.7392	.
1025	519522	0	3.96404	.
1996	6894993	1	7.99607	.
1789	6326322	1	4.80157	.
1788	6326320	1	2.51514	.
223	433125	1	12.7049	.
178	368170	0	3.93175	.
1988	6878731	1	36.1247	.
2019	6964725	0	37.2965	.
542	496462	0	59.258	.
493	491964	1	249.111	.
678	505948	1	39.2315	.
2036	7010506	0	20.9465	.
1695	4650463	1	0.273173	.
1700	4677413	1	0.171946	.
70	1307	1	241.791	.
296	445669	1	26.9576	.
342	466636	1	66.2775	.
1809	6404862	0	189.044	.
1806	6401351	0	124.105	.
1810	6404866	1	141.415	.
1805	6401348	1	211.566	.
401	479170	1	7.03198	.
167	358722	0	146.611	.
74	1351	0	147.849	.
134	284808	1	31.738	.
139	286940	0	8.94123	.
525	495507	0	0	.
1289	1132716	1	0.895975	.
1368	1493148	1	2.94417	.
1290	1132717	1	6.09283	.
1369	1493149	1	4.78425	.
641	504318	0	85.1029	.
303	445976	1	71.5155	.
492	491918	1	4.1609	.
411	481055	0	5.81217	.
1160	698524	1	2.3079	.
1057	520571	1	234.22	.
325	459485	0	171.135	.
1547	2735837	0	46.3064	.
1370	1535473	1	3.94697	.
703	507236	0	45.1476	.
1548	2735873	0	5.3733	.
55	1136	1	13.8298	.
1762	6090723	1	0.00165896	.
609	502317	1	16.316	.
476	487299	0	167.796	.
475	487295	1	147.815	.
138	285834	0	276.214	.
137	285833	1	286.857	.
1136	656892	0	0.513844	.
498	492148	0	44.049	.
634	504076	1	404.377	.
334	463054	0	324.809	.
1982	6859180	0	2.17325	.
1043	519924	0	112.507	.
478	488497	0	129.253	.
33	786	0	497.856	.
85	1485	0	648.773	.
2140	7191295	1	18.6928	.
257	441519	1	32.7038	.
2057	7042932	0	0.332469	.
1943	6722414	0	1.68758	.
905	515670	0	22.86	.
495	492071	1	150.234	.
934	516627	1	190.86	.
1384	1601764	0	120.394	.
1385	1601765	0	89.373	.
994	518514	0	27.1484	.
1966	6815465	1	29.87	.
1991	6891697	1	20.2019	.
1965	6815464	0	8.29922	.
1992	6891700	0	10.8934	.
1793	6327413	0	3.6682	.
1790	6326388	0	1.71911	.
1791	6326389	1	7.92862	.
1792	6327412	0	0.758802	.
1129	627568	0	24.4674	.
502	493274	0	5.641	.
1890	6614551	1	12.8153	.
1487	2415465	1	11.9303	.
144	292091	0	0	.
2163	7216625	1	2.09753	.
198	377607	0	23.4393	.
222	433073	1	26.9333	.
1083	521601	1	74.6983	.
990	518411	1	73.9296	.
797	511341	1	557.025	.
675	505806	0	551.175	.
1981	6850207	1	7.59543	.
1980	6850206	1	2.89171	.
2086	7116842	1	3.76214	.
2084	7116834	1	6.40648	.
2087	7116843	1	5.93556	.
2085	7116835	1	23.5563	.
426	483032	1	19.2824	.
6	450	1	37.0044	.
1096	522149	0	4.83748	.
822	512471	1	22.8511	.
1389	1663743	0	0.750766	.
627	503330	1	4.59273	.
253	441257	1	2.16638	.
1380	1590088	0	2.07899	.
330	462025	0	1.10899	.
1381	1590094	0	13.9967	.
1379	1581728	1	4.69289	.
1378	1581721	0	1.34755	.
1229	915835	1	1.21927	.
1231	917424	1	1.50099	.
1336	1347635	1	2.59842	.
1311	1238960	1	2.41342	.
1335	1347634	0	3.13546	.
1312	1238961	0	12.9613	.
858	513720	1	11.5967	.
10	505	1	161.73	.
295	445652	1	197.733	.
898	515405	1	151.55	.
369	471301	0	1.22979	.
436	483543	1	5.31453	.
1033	519688	1	141.383	.
1070	521159	0	71.6091	.
1607	3683108	0	33.7054	.
985	518316	1	7.95551	.
1599	3578656	0	24.9715	.
1606	3683082	0	7.28376	.
1598	3578655	1	0.090853	.
1023	519442	1	87.3458	.
154	308857	1	79.3035	.
1861	6541366	0	0.907789	.
1862	6541367	1	1.86277	.
1856	6536332	1	3.97395	.
281	443487	1	168.138	.
640	504312	1	433.455	.
465	486674	1	18.6397	.
1029	519583	1	24.8071	.
1503	2459395	0	0.435963	.
1477	2362532	1	18.4198	.
1502	2459344	0	17.2086	.
1478	2362583	0	1.06916	.
491	491841	0	104.869	.
982	518202	0	160.985	.
1104	525965	0	13.9853	.
1184	775511	1	9.28937	.
563	498249	0	148.065	.
532	495878	1	312.377	.
241	439099	0	0.132092	.
1568	2971981	0	10.3187	.
775	510416	0	55.46	.
752	509188	0	23.2694	.
1110	568681	0	0.342191	.
1915	6667816	0	0.721881	.
714	507804	0	8.00608	.
304	446025	1	37.4204	.
879	514625	0	62.8477	.
699	507117	0	113.77	.
199	377698	1	27.6861	.
991	518444	1	227.838	.
298	445824	1	51.1874	.
331	462678	0	1.20626	.
335	463297	0	20.961	.
23	683	1	121.901	.
227	435160	1	8.88349	.
2050	7037250	0	21.5051	.
2051	7037251	0	2.06591	.
2052	7037252	0	1.68498	.
693	506677	1	362.752	.
41	913	1	529.341	.
664	505211	0	32.1771	.
660	505147	0	4.22018	.
1771	6226480	1	16.2259	.
1770	6221255	0	20.4807	.
1769	6221254	0	3.53491	.
1772	6226481	1	2.61601	.
808	511609	0	121.694	.
626	503284	0	144.259	.
214	431681	0	0.245094	.
31	759	1	5.41114	.
1256	1045434	0	2.32796	.
377	473313	0	1.70087	.
855	513632	1	39.8593	.
1388	1657982	1	1.78847	.
1390	1669689	0	0.549049	.
1962	6806395	0	0.285914	.
594	501183	0	63.2881	.
118	274608	1	54.5007	.
721	507948	1	8.48581	.
890	515289	0	106.071	.
2168	7217475	0	1.12939	.
911	515823	1	1.05886	.
35	792	1	392.732	.
212	431465	1	48.9685	.
1659	4175927	1	9.78682	.
887	515107	0	96.1982	.
625	503272	0	81.2333	.
1153	688475	1	1.43269	.
1150	688472	0	6.69019	.
969	517850	0	1.85028	.
1151	688473	0	19.6715	.
1615	3780904	0	2.13156	.
1476	2357367	0	23.302	.
50	1086	1	64.6634	.
1558	2871917	1	2.20105	.
1702	4682738	1	3.67906	.
1703	4682757	0	2.57457	.
1557	2871898	0	0.887502	.
213	431614	0	32.979	.
805	511513	0	146.23	.
921	516238	1	35.7239	.
1998	6906395	0	13.2611	.
443	484335	0	5.74207	.
1978	6849412	0	39.9202	.
1979	6849413	1	9.37092	.
1997	6906394	1	13.1593	.
449	485638	1	0.65956	.
438	483588	1	281.94	.
163	335645	1	170.633	.
928	516551	1	3.89777	.
1190	798480	0	1.1145	.
1169	718315	1	2.1392	.
1960	6802598	0	73.6381	.
1959	6802388	0	72.4012	.
998	518649	1	130.229	.
344	467704	0	212.024	.
1189	798475	0	49.8442	.
1166	718308	0	9.14455	.
1328	1309095	1	0.67984	.
402	479360	0	122.321	.
442	484229	1	55.7098	.
1800	6371242	0	146.924	.
1801	6371243	0	203.232	.
1495	2438872	0	0	.
258	441525	1	139.172	.
755	509411	1	268.805	.
2049	7036800	1	17.426	.
148	294595	1	13.0155	.
380	474443	1	4.79556	.
1367	1489959	1	22.9948	.
1329	1333497	1	22.2342	.
1445	2093215	1	5.22483	.
1446	2093217	1	2.20813	.
568	498411	0	5.23224	.
470	486900	0	0.0706645	.
1178	761507	1	0.888643	.
321	450803	0	20.6387	.
753	509239	1	38.6681	.
1180	766196	1	16.2423	.
1181	767157	1	8.14767	.
1182	767242	1	1.6228	.
1179	766111	1	1.23147	.
844	513193	1	510.817	.
394	477814	0	494.206	.
1395	1750142	1	6.80472	.
1439	2028598	0	1.97139	.
1194	816853	0	11.4182	.
221	432847	1	3.44795	.
1193	816852	0	37.9608	.
32	781	1	452.035	.
140	288231	0	66.948	.
368	470875	1	29.7058	.
217	432062	1	14.0682	.
132	284487	0	7.88283	.
1218	896446	1	1.43329	.
1234	920410	1	2.82934	.
1693	4605499	0	0.0114133	.
39	851	1	1.21692	.
1641	4052359	1	1.63649	.
1630	3952046	1	1.69448	.
1629	3952017	1	0.74887	.
1642	4052388	0	1.82807	.
884	514906	0	40.2395	.
832	512830	0	0.969822	.
210	431392	0	30.6552	.
1532	2663531	0	0.728975	.
1348	1383601	0	48.8632	.
886	515077	0	4.86426	.
1347	1383600	0	95.5342	.
1719	4846560	1	1.56718	.
1661	4211923	1	1.9612	.
1720	4846604	1	2.38094	.
1660	4211922	1	3.10409	.
1036	519757	0	294.046	.
61	1173	1	105.066	.
770	510231	1	2.85016	.
821	512418	1	8.30068	.
1519	2592526	0	1.56009	.
1520	2592527	0	1.51753	.
1522	2592585	1	15.4572	.
1562	2904265	1	20.4523	.
1517	2592524	0	1.37007	.
1559	2904262	1	5.19126	.
1518	2592525	1	2.56691	.
1560	2904263	0	0.80963	.
1564	2904323	1	1.76453	.
77	1405	1	179.498	.
1704	4709316	0	0.569511	.
1241	944948	0	0	.
507	493678	0	7.30905	.
856	513674	1	59.5961	.
1354	1411813	0	0.492254	.
1349	1401019	1	1.23098	.
1355	1411817	0	1.59248	.
1351	1401707	0	1.06995	.
1350	1401633	1	1.03957	.
1352	1411653	1	0.114786	.
1969	6818218	1	24.5912	.
865	513981	1	59.088	.
1353	1411727	1	3.39354	.
82	1460	0	0	.
2148	7212654	1	1.35403	.
2149	7212656	1	20.708	.
376	473215	1	126.084	.
408	480597	0	29.8218	.
348	469179	1	22.2608	.
966	517755	1	322.725	.
2012	6952148	1	39.2504	.
2011	6951167	1	1.41779	.
2010	6951164	0	0.464963	.
496	492072	0	10.6399	.
69	1306	0	352.059	.
789	510857	0	31.4765	.
1724	5072867	0	8.88415	.
2117	7142468	0	0.239568	.
3	432	1	5.95403	.
2172	7289668	1	0.278079	.
1747	5901841	0	0	.
1748	5901842	1	6.51792	.
1731	5334539	1	6.62551	.
1749	5901855	0	13.5369	.
185	373457	0	74.5191	.
248	440790	0	14.0219	.
897	515402	1	97.1423	.
280	443332	0	57.1319	.
172	366084	0	209.047	.
1586	3187822	1	0.0264757	.
1767	6216449	0	1.23574	.
1768	6216450	0	1.55205	.
230	436162	0	1.7005	.
68	1282	1	603.223	.
1587	3187826	1	0.0190117	.
929	516563	0	77.1322	.
782	510595	0	7.25239	.
895	515379	0	24.8795	.
1689	4592976	0	3.04102	.
1663	4247392	0	7.0651	.
1690	4593014	0	0.19106	.
1662	4247354	0	5.26355	.
2095	7124094	0	14.1587	.
2094	7123892	1	65.7768	.
1084	521640	0	53.9852	.
857	513702	0	36.1787	.
119	279234	1	8.88224	.
1143	660018	1	21.2375	.
946	517239	1	176.053	.
186	375086	0	19.0752	.
387	475862	0	250.931	.
2020	6966716	1	0.123082	.
1014	518972	1	12.2781	.
262	441594	1	12.7442	.
30	753	1	318.339	.
246	439890	1	93.2737	.
587	500581	1	205.155	.
780	510588	0	3.07742	.
1757	6065681	0	2.7371	.
681	506203	0	94.071	.
939	516855	1	96.4053	.
614	502689	0	87.239	.
663	505201	1	27.232	.
956	517492	0	60.6664	.
1840	6485617	0	0.0597012	.
1853	6524769	0	16.2817	.
1839	6485616	0	31.3872	.
1729	5303229	0	0.997744	.
161	335544	1	2.09227	.
1085	521752	0	10.4853	.
102	1785	0	8.83908	.
63	1189	0	401.969	.
151	301810	0	15.8713	.
414	481550	0	26.6529	.
1107	537766	1	1.99452	.
761	509640	0	0	.
1746	5848729	1	0.0170532	.
98	1711	0	20.4808	.
2180	7386131	0	1.6291	.
567	498410	0	71.3656	.
748	509043	1	284.423	.
816	512064	1	216.719	.
831	512808	1	211.84	.
2153	7215161	1	5.51446	.
2152	7214840	1	1.42137	.
1300	1195869	0	0	.
1987	6875109	1	0.0434179	.
873	514388	1	107.012	.
268	441983	0	2.41089	.
1119	598701	1	4.66239	.
1118	598700	1	7.45013	.
1504	2480188	1	1.65116	.
131	284359	0	4.76119	.
60	1158	1	34.2637	.
586	500489	1	102.188	.
1071	521180	0	13.3553	.
1674	4343496	0	2.07046	.
79	1417	1	329.939	.
709	507626	1	66.309	.
646	504577	0	6.17154	.
1616	3787244	1	2.29487	.
28	733	1	73.6301	.
300	445838	1	4.08383	.
129	284162	1	6.60088	.
544	496514	1	108.909	.
328	461521	0	8.53838	.
970	517855	0	10.7189	.
711	507685	0	4.16362	.
1386	1623666	0	16.2413	.
1359	1442943	0	13.6727	.
1358	1442932	0	6.24159	.
1387	1623677	0	15.5432	.
455	486125	1	62.8383	.
208	431182	1	184.061	.
652	504908	1	93.8091	.
1191	798481	0	2.25898	.
1168	718314	0	2.02013	.
909	515737	0	12.8121	.
684	506333	0	24.2098	.
1429	1986367	1	1.75034	.
1419	1966793	1	1.73561	.
1420	1966795	1	2.03794	.
1428	1986366	0	1.07024	.
1004	518786	1	237.631	.
953	517444	1	113.911	.
871	514256	1	25.7375	.
2096	7126614	0	29.8846	.
2097	7126615	0	25.5801	.
846	513251	1	166.914	.
306	446109	0	34.5345	.
1534	2670347	1	3.33327	.
1528	2634339	0	0.496067	.
1536	2670359	0	1.54837	.
1526	2634327	0	2.44382	.
1337	1351916	0	7.16022	.
847	513293	1	86.1774	.
508	493776	0	91.2575	.
1121	606884	0	40.1245	.
1122	606885	0	40.6873	.
417	481699	1	9.81602	.
320	450361	0	23.7523	.
732	508467	0	9.19819	.
600	501802	0	13.5817	.
84	1482	1	238.834	.
936	516672	1	59.8698	.
655	505065	0	77.1187	.
1133	637875	0	1.29271	.
1186	795126	1	0.543282	.
1149	680555	1	2.97945	.
1148	680554	1	4.91078	.
1187	795127	1	9.20826	.
745	508918	1	1.51977	.
1022	519426	1	11.6304	.
2055	7038821	1	0.337354	.
190	375618	0	41.9878	.
182	372438	0	5.17022	.
2110	7135117	1	5.66345	.
2109	7135116	1	3.31191	.
2112	7135119	0	1.13403	.
2111	7135118	0	0.165557	.
976	518013	0	394.593	.
287	445017	0	5.24811	.
203	427233	0	4.35953	.
184	372489	0	15.1593	.
390	475961	0	34.267	.
1869	6556579	1	28.1536	.
1868	6556578	1	17.3893	.
294	445626	1	1.23281	.
78	1410	1	179.511	.
1537	2670360	0	0	.
1763	6110683	0	0.131714	.
1764	6110712	1	0.772841	.
992	518448	1	38.873	.
612	502579	0	28.409	.
1636	4019539	0	15.5577	.
1653	4112853	1	10.0596	.
1654	4112897	1	9.75359	.
1637	4019583	0	12.1341	.
1893	6615789	0	0.0868894	.
1892	6615750	0	0.148487	.
1954	6788429	0	0.0940477	.
1953	6788390	0	0.438203	.
829	512768	1	28.0113	.
2114	7138083	0	3.0406	.
2116	7140386	0	0.0800813	.
2115	7140385	0	2.03273	.
1802	6380207	0	0	.
1417	1940491	0	0	.
1817	6446061	0	0.522322	.
1040	519868	1	15.1767	.
1628	3945084	1	8.34615	.
1418	1940498	1	0.0104105	.
803	511448	0	144.467	.
302	445905	1	148.47	.
1472	2323116	0	0.00884875	.
1623	3919540	0	3.95002	.
133	284648	0	1.67977	.
1473	2323118	1	1.09663	.
1622	3919538	0	0.760312	.
336	463338	0	0	.
2181	7429513	1	1.20745	.
2182	7429518	1	17.7912	.
2183	7429519	1	10.9801	.
509	493784	1	49.4242	.
219	432700	1	16.5981	.
1776	6236064	0	1.62033	.
621	503231	0	46.5561	.
735	508575	1	45.4946	.
397	478211	1	17.5142	.
168	363928	1	2.99657	.
226	433542	1	90.5787	.
276	442607	0	81.3046	.
1028	519576	0	271.4	.
1711	4765400	1	1.35151	.
1643	4061184	0	12.6471	.
1712	4765440	0	4.26234	.
1479	2384504	0	1.82419	.
1490	2416045	0	2.44429	.
771	510234	1	73.5151	.
211	431432	1	50.9721	.
25	697	1	222.171	.
445	484719	0	4.52485	.
601	501836	1	0.615765	.
360	469994	0	5.25559	.
767	510163	1	29.4573	.
1424	1974774	1	3.87501	.
1423	1974770	0	8.51504	.
2076	7072327	0	9.44862	.
2023	6976713	0	1.21184	.
1574	3086047	1	1.14244	.
1513	2554373	0	1.93499	.
1575	3086061	0	0.219125	.
1514	2554387	0	6.4486	.
1039	519853	0	23.757	.
942	516974	0	104.631	.
878	514617	1	111.154	.
519	495165	1	150.343	.
964	517735	1	313.31	.
947	517297	1	500.337	.
318	449981	1	63.8305	.
996	518580	1	142.051	.
1605	3666290	1	4.69241	.
2143	7208817	0	2.2424	.
2142	7208816	0	6.53304	.
447	485241	1	126.948	.
232	437761	0	76.0167	.
619	503164	0	81.2871	.
695	506798	1	238.416	.
839	513138	0	74.7181	.
1453	2135620	1	34.2436	.
1466	2242409	1	25.6908	.
1452	2135591	0	39.4227	.
1467	2242438	0	48.9725	.
731	508377	1	4.29468	.
923	516295	0	78.8024	.
382	475163	0	8.22647	.
530	495831	0	11.7591	.
1072	521185	0	94.0684	.
841	513176	0	90.4146	.
828	512717	0	74.494	.
833	512852	0	130.728	.
1392	1716951	0	9.22947	.
1226	904403	0	12.2527	.
1394	1716969	1	0.246167	.
1224	904385	0	5.2179	.
127	283910	0	4.05307	.
157	316396	0	1.75123	.
14	534	0	442.559	.
7	455	0	310.114	.
1496	2443297	0	10.0048	.
1498	2443302	0	24.746	.
2124	7155475	0	10.8852	.
2070	7069661	0	22.9296	.
2069	7069660	1	1.72197	.
2067	7069658	0	25.7658	.
314	447887	1	8.30665	.
2068	7069659	1	6.87798	.
385	475685	0	156.227	.
177	368072	1	124.321	.
615	502704	0	32.7732	.
1361	1458708	1	10.3303	.
1847	6491126	1	4.76034	.
1830	6465963	1	1.30163	.
1829	6465893	0	0.988207	.
1848	6491195	0	5.17458	.
1246	1001620	0	12.7739	.
1247	1001624	0	15.9347	.
1248	1001653	0	26.7232	.
308	446318	0	16.2978	.
111	238857	1	41.6009	.
275	442579	0	18.8279	.
758	509511	0	29.2154	.
1920	6682122	0	1.54627	.
1906	6637038	0	1.46503	.
1921	6682123	0	4.51871	.
1907	6637039	1	8.18215	.
1919	6682118	1	9.35719	.
1197	825798	1	16.6035	.
371	471489	1	0.010986	.
1198	825799	1	18.8363	.
1465	2192850	1	2.2347	.
1464	2192839	1	4.031	.
1596	3498101	1	7.98069	.
1597	3498112	1	8.49224	.
83	1478	1	31.8057	.
1093	522052	1	37.1345	.
768	510175	1	42.0613	.
1515	2577226	1	27.8358	.
1462	2185040	1	16.3777	.
1936	6713222	0	2.26914	.
1930	6705062	1	4.52618	.
1931	6705065	1	1.312	.
769	510217	1	1.66482	.
1293	1133210	0	11.9566	.
1292	1133057	0	9.60557	.
1294	1133211	1	19.2548	.
1291	1133056	1	21.4315	.
1037	519831	0	5.29808	.
876	514589	1	1.44736	.
696	506914	1	28.9571	.
517	494803	1	76.2227	.
2141	7207777	0	19.5705	.
1831	6476512	0	3.78117	.
1933	6707883	0	13.0331	.
1832	6476513	1	12.8907	.
1932	6707882	1	16.3673	.
569	498513	0	28.2627	.
963	517711	0	47.2726	.
762	509761	1	5.07004	.
453	485925	1	1.13251	.
93	1556	1	77.4134	.
960	517652	0	114.46	.
565	498382	0	74.5929	.
657	505074	1	43.1819	.
171	364924	0	11.2945	.
631	503730	1	89.1794	.
622	503245	0	57.9485	.
630	503640	0	86.7567	.
456	486169	1	56.0119	.
1898	6632580	1	17.3603	.
114	270101	1	1.12843	.
1918	6676728	0	20.4331	.
1899	6632581	0	9.90775	.
313	447179	0	51.8912	.
1027	519567	1	47.4416	.
2132	7170325	1	4.50129	.
2131	7170324	1	4.05363	.
813	511939	0	20.7449	.
435	483522	1	16.519	.
796	511256	0	5.31315	.
2077	7081318	1	28.634	.
2078	7081501	1	27.5319	.
1864	6546119	0	0.457614	.
1863	6546118	0	2.22354	.
1799	6362514	1	9.22088	.
868	514183	1	36.9707	.
959	517609	1	300.463	.
948	517305	0	571.027	.
608	502294	1	184.557	.
524	495394	1	5.68226	.
968	517798	1	165.697	.
1230	917422	0	0	.
1820	6457917	0	1.99657	.
1818	6455863	0	39.33	.
1821	6458010	0	5.69013	.
1822	6458011	0	8.13243	.
1819	6455957	0	4.20029	.
291	445264	0	1.46518	.
773	510277	1	0.290824	.
195	376021	0	38.3843	.
1682	4513476	0	0.477838	.
1170	724498	1	2.58754	.
1171	724546	1	4.75234	.
47	996	0	16.5125	.
591	500957	1	147.581	.
581	500169	0	114.921	.
1244	994775	1	0.804716	.
2174	7344537	0	2.78976	.
751	509162	0	415.828	.
1086	521821	0	104.823	.
1854	6524780	1	5.70933	.
1842	6485680	0	3.75074	.
1852	6524768	0	22.4254	.
1855	6524832	0	11.7476	.
1841	6485628	0	13.1897	.
910	515790	0	6.781	.
316	449371	1	39.5877	.
1535	2670348	0	4.10848	.
1529	2634340	1	1.13909	.
1527	2634328	0	1.78751	.
1440	2028617	0	0	.
1396	1750161	1	0.00591199	.
11	511	1	11.2161	.
91	1541	0	918.138	.
1785	6281476	1	44.5635	.
1786	6282524	0	46.8853	.
1755	6000700	1	1.37708	.
1754	6000687	0	88.2745	.
875	514430	0	257.23	.
925	516303	1	60.3643	.
547	496916	1	28.7268	.
639	504300	0	29.0172	.
333	462736	0	47.5284	.
1227	915828	1	3.79116	.
1063	520844	0	142.02	.
802	511414	1	167.506	.
800	511376	0	380.445	.
1610	3759790	1	14.3192	.
1611	3759791	0	4.29187	.
1858	6537575	1	46.7707	.
1860	6541119	0	32.7718	.
1859	6541118	0	26.6272	.
1857	6537574	1	63.8833	.
389	475936	1	19.6729	.
356	469763	1	16.4087	.
1968	6815548	1	30.916	.
1993	6891740	1	22.8839	.
1967	6815510	0	3.79436	.
1994	6891778	0	5.19903	.
717	507848	0	7.96578	.
364	470462	0	16.4213	.
1049	520140	1	33.8964	.
1325	1296637	0	2.01858	.
1326	1296665	1	15.9699	.
1327	1309067	1	28.2252	.
1884	6594742	0	6.95354	.
1450	2093401	0	14.4424	.
1449	2093400	1	12.7959	.
1885	6594743	1	29.1551	.
723	507998	0	0.850057	.
801	511380	1	9.09271	.
812	511911	1	13.673	.
1045	519967	0	127.584	.
1887	6594745	0	27.7164	.
1448	2093399	0	33.3531	.
1447	2093398	0	10.7123	.
1886	6594744	0	17.2069	.
277	442617	0	25.6808	.
749	509132	0	29.1541	.
1867	6556569	1	26.3183	.
1866	6556568	1	73.9661	.
1048	520068	1	69.3746	.
200	377924	0	1.32895	.
814	511971	0	5.36171	.
341	465332	1	31.8112	.
471	487047	0	0.870322	.
1102	525963	1	6.50269	.
2150	7213444	0	26.1248	.
1052	520244	0	26.7564	.
583	500406	1	4.68243	.
588	500629	0	0.341861	.
96	1618	1	18.4791	.
2160	7215686	0	11.0342	.
2161	7215691	0	11.7776	.
523	495384	1	2.93545	.
743	508822	1	4.11413	.
463	486617	0	32.5017	.
779	510555	1	312.816	.
2025	6998760	1	234.299	.
2028	6998763	1	54.0333	.
2026	6998761	0	50.1704	.
2027	6998762	0	0.402509	.
835	512958	1	190.456	.
687	506354	0	258.536	.
1177	739385	0	1.31675	.
1910	6655698	1	0.897189	.
1911	6655708	0	1.21186	.
1897	6629302	1	1.94983	.
1896	6629225	0	3.58779	.
1894	6629209	1	1.51489	.
1913	6655790	0	0.503067	.
937	516737	0	1372.19	.
940	516898	1	1412.28	.
1912	6655713	0	2.58719	.
1895	6629217	0	2.71816	.
1288	1112793	1	6.48636	.
1305	1225373	1	0.552813	.
349	469384	1	15.381	.
1640	4043691	1	0.830921	.
1627	3931915	1	3.87096	.
1626	3931898	0	13.9211	.
1639	4043674	1	9.76986	.
1287	1112777	0	20.0987	.
1306	1225389	0	20.3351	.
1334	1340488	0	0.022861	.
0	335	0	47.5227	.
1589	3203243	1	5.04869	.
1588	3203241	1	5.50441	.
1508	2516543	1	0.142801	.
1511	2522353	0	0.219659	.
1510	2522351	1	0.122524	.
1509	2516544	1	0.648126	.
1590	3331977	0	0.552715	.
1680	4511392	1	2.27218	.
1591	3332030	1	1.70874	.
1679	4511339	0	80.7896	.
46	993	1	166.206	.
274	442576	1	2.45643	.
439	483646	1	30.7027	.
740	508754	0	31.043	.
1779	6270329	1	0.631711	.
419	481843	0	5.65337	.
734	508550	1	14.0417	.
2021	6966717	1	5.38021	.
1308	1229459	1	3.41981	.
2179	7384223	0	11.3022	.
2118	7144062	0	82.7714	.
2119	7144063	0	50.853	.
804	511452	0	30.3364	.
672	505772	0	113.518	.
121	282312	1	0.0932232	.
37	844	1	582.069	.
290	445261	0	26.4481	.
88	1513	0	61.0456	.
109	235926	0	36.2004	.
123	283066	0	2.01583	.
794	511047	1	13.5864	.
2157	7215495	1	11.3542	.
2159	7215657	0	16.8405	.
2158	7215511	0	70.0289	.
1949	6745874	1	0.429286	.
1945	6723180	0	3.59189	.
590	500773	1	6.92754	.
1944	6723080	0	15.7241	.
1950	6745974	0	1.45745	.
1482	2384817	1	5.94443	.
1481	2384805	0	3.02846	.
1491	2422531	0	5.42563	.
141	291321	0	41.1609	.
66	1252	1	146.198	.
1594	3430785	1	4.49525	.
1668	4270929	1	6.8781	.
1667	4270907	1	4.47388	.
1595	3430807	1	1.05689	.
676	505865	1	9.78005	.
215	431773	1	40.492	.
791	510945	0	34.1407	.
2040	7023171	1	132.931	.
2037	7023168	1	115.062	.
2038	7023169	1	205.093	.
2039	7023170	1	222.688	.
135	285103	0	0	.
370	471460	0	0.425739	.
265	441720	0	13.7879	.
2005	6937015	1	27.6794	.
2004	6937014	1	41.5965	.
1253	1022831	0	0.823256	.
1091	522034	1	56.1348	.
561	498165	0	31.895	.
311	446920	0	65.0776	.
1651	4091788	0	2.73176	.
1650	4091772	0	0.653991	.
1631	3966536	1	1.33624	.
1632	3966552	1	0.957162	.
659	505119	0	0	.
764	510005	0	40.4892	.
460	486250	1	1.66886	.
1739	5622913	0	5.58918	.
415	481581	1	0.154317	.
487	491156	1	9.97698	.
255	441431	1	0.00784679	.
943	516999	1	245.057	.
1015	519157	0	6.67959	.
1688	4572635	1	4.31761	.
181	372427	1	8.02323	.
352	469633	1	1.51584	.
124	283441	0	0	.
473	487251	0	54.4573	.
120	281683	1	63.3386	.
552	497115	0	7.86794	.
610	502452	1	59.5487	.
201	378652	0	47.6334	.
95	1612	1	136.938	.
726	508022	1	109.239	.
1192	814844	0	0.203173	.
488	491384	0	0.900943	.
750	509152	0	0.895614	.
807	511604	0	315.819	.
21	673	0	382.684	.
270	442280	1	70.6786	.
279	443068	0	21.1773	.
2108	7135110	0	4.59759	.
422	482816	0	0.668563	.
987	518359	1	45.0114	.
27	721	0	750.334	.
555	497604	1	6.15907	.
228	435707	1	2.60443	.
393	477808	0	0	.
136	285788	1	6.17829	.
90	1528	0	158.986	.
100	1760	0	154.099	.
147	294220	0	29.5046	.
838	513117	0	10.6348	.
165	357896	1	7.39497	.
1766	6215436	0	1.58407	.
1765	6190642	0	2.99232	.
2177	7366724	0	24.439	.
2176	7364748	0	10.1742	.
2175	7364617	0	50.6361	.
2178	7366854	0	66.5896	.
541	496420	0	3.50082	.
431	483104	0	30.0403	.
12	514	0	366.008	.
2173	7338244	1	1.2875e-05	.
1935	6710398	1	2.12285	.
1934	6710397	1	2.7179	.
2107	7134881	1	10.5592	.
2106	7134880	1	13.5748	.
107	233024	0	13.9684	.
861	513789	0	25.7721	.
1188	798474	1	13.9256	.
1167	718309	1	18.2174	.
1146	674062	0	2.35253	.
1147	674063	0	15.7434	.
722	507985	1	100.989	.
396	478205	0	132.57	.
1068	521095	1	103.953	.
216	432060	0	0.783137	.
2034	7001355	0	14.3998	.
2033	7001354	0	27.5307	.
677	505877	0	39.3979	.
556	497619	0	65.3314	.
1139	657708	1	5.28717	.
1140	657864	1	0.890174	.
1138	657672	0	4.13661	.
1141	657897	0	6.9167	.
15	536	1	1.96941	.
1666	4266711	0	3.36436	.
1685	4569135	0	3.17045	.
1686	4569143	0	14.6794	.
1665	4266705	0	6.36833	.
1664	4266703	0	3.51619	.
978	518054	1	39.2777	.
346	467754	1	17.1492	.
2042	7023173	0	104.972	.
2041	7023172	1	126.243	.
2043	7023174	1	194.293	.
2044	7023175	0	182.657	.
1999	6913537	1	49.6962	.
836	513104	1	20.6887	.
307	446148	0	60.305	.
790	510877	1	37.6748	.
444	484632	0	20.3648	.
365	470650	1	159.511	.
413	481271	0	96.6374	.
706	507373	0	209.203	.
686	506348	1	51.122	.
710	507683	1	70.2497	.
1065	520924	0	0	.
1914	6666985	0	79.0015	.
1013	518969	0	164.445	.
1721	4869849	1	46.4685	.
1722	4869863	0	1.54308	.
1723	4869865	0	1.5666	.
254	441408	1	1.65887	.
685	506346	0	4.78551	.
636	504190	0	32.787	.
110	238649	0	41.7156	.
1100	523400	0	0	.
1584	3171154	0	50.9242	.
1436	2016207	0	51.187	.
1483	2400180	1	13.1901	.
1484	2400215	1	20.0517	.
446	485205	0	71.1807	.
1435	2016154	0	203.52	.
1585	3171207	0	138.539	.
1099	523398	1	0.564576	.
1098	523396	0	1.08655	.
1425	1981224	0	5.97528	.
742	508815	0	749.508	.
497	492096	1	694.136	.
1733	5405665	0	9.10864	.
1740	5622921	0	14.7574	.
1735	5405681	0	25.6858	.
1617	3787750	1	22.853	.
1618	3787751	0	7.89975	.
741	508793	1	4.733	.
2136	7189932	1	7.78257	.
1412	1883475	1	5.11246	.
272	442401	1	83.5926	.
388	475865	1	68.1814	.
433	483469	1	58.8603	.
312	447116	0	5.62996	.
548	496961	0	4.04674	.
233	437824	0	97.2828	.
112	244380	1	19.8601	.
403	479567	1	79.9903	.
1927	6702743	1	3.78835	.
2167	7216946	1	21.1445	.
2166	7216944	1	11.8702	.
250	440814	0	0	.
1957	6800139	0	4.99848	.
1956	6790443	0	0.623308	.
1958	6800191	0	0.833674	.
1955	6790392	1	4.34338	.
849	513389	0	75.6674	.
670	505544	0	53.5304	.
1020	519346	1	97.7092	.
1875	6557419	1	9.51295	.
1872	6557007	0	166.109	.
1871	6556603	1	248.816	.
1865	6556563	0	151.834	.
1874	6557416	0	133.298	.
1873	6557010	0	198.485	.
1870	6556593	0	276.585	.
2008	6941872	0	53.8029	.
2009	6941873	0	52.76	.
1262	1084066	0	0.236977	.
1265	1087705	0	3.87838	.
1006	518810	1	31.0471	.
1263	1084071	1	4.82711	.
1758	6065695	1	2.9082	.
398	478347	0	0.804613	.
628	503493	0	30.2755	.
1563	2904322	1	0.252251	.
1521	2592584	0	1.04169	.
1561	2904264	0	0.702107	.
505	493442	0	0.316227	.
606	502243	0	56.6306	.
459	486240	0	123.988	.
689	506493	1	274.722	.
86	1486	0	236.625	.
187	375542	1	1.02203	.
877	514614	0	157.722	.
146	293614	0	111.918	.
1295	1146827	0	1.02068	.
323	451964	0	1.61598	.
284	443967	1	5.77401	.
71	1314	1	220.927	.
1415	1915890	1	1.10424	.
1254	1035630	0	0.721996	.
1255	1035631	1	0.221501	.
1413	1915867	1	2.08461	.
830	512803	0	311.157	.
682	506279	1	10.7652	.
2138	7190901	0	24.6211	.
2137	7190900	0	41.839	.
647	504582	0	113.143	.
906	515678	1	254.184	.
818	512157	1	55.5144	.
952	517436	0	75.4537	.
881	514761	1	72.384	.
1551	2771994	1	15.1437	.
1550	2757799	1	13.6901	.
1549	2757798	1	1.89291	.
1552	2771995	1	0.961258	.
34	788	0	23.3221	.
927	516538	0	477.106	.
971	517865	1	32.2657	.
1026	519544	1	337.962	.
1044	519950	0	45.9996	.
661	505166	0	29.0752	.
1374	1552817	1	1.50168	.
1941	6717373	1	2.646	.
1940	6717086	1	1.05345	.
1939	6717084	1	8.25531	.
1942	6717374	1	7.83342	.
1059	520748	0	10.1073	.
1480	2384537	1	0.178385	.
834	512911	0	8.71022	.
99	1741	0	81.3971	.
188	375587	1	13.1102	.
500	492263	1	4.66481	.
1775	6230652	0	5.74494	.
499	492258	1	0.306832	.
485	490941	1	21.8903	.
864	513976	0	158.852	.
1926	6702584	1	5.63179	.
1946	6726592	0	6.129	.
1947	6726593	0	0.253828	.
607	502274	1	75.6899	.
358	469910	0	37.799	.
143	292052	0	3.57706	.
916	516124	1	147.573	.
236	438344	1	17.0246	.
197	376697	0	0.80503	.
40	908	0	3.39581	.
29	748	1	124.081	.
2185	7433981	1	10.3707	.
2184	7433980	1	8.95651	.
2130	7167536	0	16.701	.
2129	7167535	0	50.617	.
1055	520522	1	78.9501	.
373	472436	0	76.5041	.
515	494484	1	40.291	.
1471	2303527	0	3.48331	.
1460	2178574	0	5.55148	.
1461	2178635	0	2.85738	.
700	507127	1	28.3046	.
424	482924	0	10.0899	.
56	1146	0	122.061	.
1322	1292630	1	18.178	.
1321	1292401	1	12.0586	.
305	446093	0	12.3666	.
882	514816	1	119.027	.
2082	7107940	1	16.1335	.
511	493994	1	0.0925068	.
2083	7107950	1	23.1783	.
282	443568	1	37.5778	.
888	515149	0	41.4912	.
980	518127	1	8.45249	.
1455	2147980	0	26.3029	.
1469	2284022	1	95.7487	.
1456	2147981	1	106.475	.
1470	2284085	0	38.1992	.
654	505052	0	0	.
1371	1545860	0	4.18838	.
1373	1552762	1	5.56917	.
1372	1545915	1	20.0646	.
481	490377	0	117.816	.
173	366179	1	85.4839	.
2075	7071862	1	3.72626	.
1816	6434945	0	0.151302	.
903	515530	1	86.6097	.
599	501784	0	40.4221	.
1112	585138	0	9.73828	.
1114	585160	1	12.6799	.
915	515989	0	77.3234	.
153	303475	1	71.9674	.
1756	6017099	1	7.15081	.
1005	518803	1	7.84106	.
2	401	0	672.898	.
1298	1191093	1	0.0760248	.
1331	1333934	1	0.486374	.
429	483071	1	0.0256707	.
1330	1333860	1	7.39376	.
1257	1050860	0	7.22629	.
1363	1464469	0	2.33259	.
1365	1470344	1	4.91567	.
1364	1464481	1	8.69284	.
225	433426	0	12.5969	.
785	510720	1	26.7648	.
354	469656	1	62.4343	.
545	496557	0	153.281	.
1796	6332754	1	2.04463	.
1797	6332755	1	1.76743	.
1794	6332752	1	6.10546	.
1795	6332753	0	26.1249	.
299	445825	1	358.736	.
244	439382	0	364.415	.
42	961	1	343.802	.
1299	1191131	0	0.0330362	.
1239	941242	1	3.43643	.
420	481894	0	0.695293	.
1245	994868	0	2.87631	.
1652	4106714	1	12.1384	.
2128	7167340	1	1.57348	.
1238	941149	0	0	.
347	468065	0	0	.
1105	529612	0	3.00299	.
1106	529613	0	41.638	.
1092	522036	1	302.711	.
1011	518933	0	144.716	.
739	508753	0	17.5254	.
719	507857	0	12.8071	.
763	509992	0	175.649	.
1556	2817459	0	0.670353	.
1554	2785243	1	0.406028	.
1054	520492	0	11.5026	.
811	511694	1	13.0084	.
1499	2443325	0	15.8532	.
1497	2443298	0	24.1159	.
651	504884	0	84.8207	.
680	506158	0	80.8715	.
907	515692	0	75.0407	.
1142	659963	1	2.2015	.
1264	1087700	0	0.38692	.
1007	518821	1	132.775	.
65	1219	1	1123.36	.
806	511519	0	7.06271	.
339	463952	1	56.7567	.
1922	6690701	1	7.2106	.
1923	6690702	1	5.52418	.
145	293262	0	30.2703	.
527	495607	1	3.63136	.
1094	522074	0	30.4573	.
1489	2416012	1	0.168004	.
1235	920442	1	0.0128698	.
87	1497	1	0.313097	.
1565	2906506	1	0.00281684	.
900	515450	0	498.93	.
531	495842	0	54.0615	.
724	508017	1	21.2752	.
593	501169	1	706.263	.
817	512088	0	53.9659	.
585	500479	0	41.0104	.
1019	519298	1	182.589	.
286	444009	0	0	.
125	283659	0	0	.
2060	7057665	1	1.61343	.
2059	7057664	1	0.703749	.
1077	521370	1	19.3647	.
637	504200	0	3.89162	.
738	508717	1	170.795	.
620	503197	0	113.111	.
1067	521085	1	104.197	.
725	508020	0	77.9796	.
605	502064	0	21.6441	.
718	507850	0	18.1088	.
1382	1590512	0	3.7778	.
1383	1590519	0	1.89663	.
1977	6848492	0	2.16069	.
1970	6826156	1	1.97347	.
874	514403	0	4.98797	.
870	514255	0	68.4901	.
130	284253	1	17.2808	.
705	507337	0	41.1276	.
1058	520682	1	33.6757	.
616	502966	0	174.294	.
918	516159	1	14.7591	.
783	510598	0	315.061	.
730	508324	1	73.5744	.
913	515877	1	35.3879	.
526	495585	1	8.603	.
901	515464	1	81.8401	.
1152	688474	1	46.7303	.
2035	7008876	1	21.7539	.
345	467715	0	15.2851	.
1777	6265821	0	3.35623	.
1778	6265828	1	3.8334	.
737	508711	0	44.1274	.
510	493909	1	36.6696	.
595	501356	1	108.252	.
326	459897	1	4.10192	.
1185	791401	1	0.0623206	.
1	337	1	60.936	.
1706	4728893	0	3.35427	.
1713	4796704	0	1.85872	.
1705	4728844	1	18.6236	.
1714	4796753	1	19.1686	.
2062	7063621	1	0.875273	.
461	486370	1	17.5177	.
45	986	1	15.403	.
967	517794	0	31.9326	.
949	517331	1	80.0957	.
289	445206	0	3.55546	.
1406	1821462	1	0.273155	.
1405	1821458	1	0.227165	.
2007	6941621	1	42.1106	.
704	507241	1	1.75463	.
2006	6941620	1	27.9667	.
1687	4572579	0	21.2579	.
827	512679	1	6.35608	.
1676	4382425	0	6.28549	.
297	445783	0	65.4908	.
920	516207	1	85.2245	.
242	439291	0	8.65035	.
850	513449	0	23.4062	.
2186	7473490	0	41.1135	.
756	509431	0	18.2466	.
2187	7473491	0	115.091	.
793	511038	0	74.5161	.
698	506991	0	104.155	.
712	507747	1	227.744	.
94	1561	0	56.5939	.
1812	6413261	1	8.9784	.
1815	6425231	0	10.9771	.
1811	6413232	0	9.05045	.
1814	6425202	1	8.22193	.
999	518703	1	493.511	.
736	508585	0	68.2194	.
896	515399	1	173.206	.
577	499688	0	0	.
322	451267	1	3.55105	.
860	513779	1	38.4335	.
649	504737	0	48.4782	.
1787	6310151	1	1.20461	.
575	499390	1	31.8313	.
776	510458	1	580.135	.
613	502583	0	314.263	.
363	470423	1	14.5624	.
1090	522029	0	56.3753	.
1159	693183	0	24.2892	.
1158	693182	0	7.89371	.
1161	698525	1	1.7668	.
543	496485	1	184.29	.
160	317407	1	61.0972	.
412	481198	0	83.2522	.
1416	1937756	0	0	.
2080	7099042	1	0.0179339	.
24	689	1	110.936	.
1443	2041618	0	0.253233	.
1438	2018076	0	3.31693	.
1437	2018054	0	0.565275	.
1444	2041640	0	0.65989	.
2146	7210689	1	3.62211	.
2147	7210785	1	8.98408	.
1088	521937	0	89.9808	.
67	1258	1	112.882	.
843	513182	0	51.2723	.
1038	519832	1	31.1249	.
1678	4479817	0	0.217035	.
1357	1440859	1	3.66159	.
1356	1440844	0	1.81391	.
1677	4479802	0	3.00551	.
1195	818031	0	0	.
1753	5984145	0	0	.
1761	6083365	1	0.820386	.
845	513237	0	10.5923	.
1752	5984139	1	26.0526	.
880	514716	0	7.42808	.
351	469500	0	0.921693	.
43	962	1	51.2696	.
1904	6636273	0	6.37008	.
1850	6500251	0	6.84065	.
1905	6636291	0	2.39011	.
975	517939	1	161.331	.
1016	519178	0	260.94	.
1783	6271179	1	0.239419	.
957	517512	0	28.6238	.
540	496366	0	8.15848	.
1200	825801	0	8.65968	.
688	506486	1	107.23	.
38	846	0	131.166	.
1242	967624	1	28.6046	.
1266	1091328	1	38.2983	.
1243	967676	0	10.077	.
2072	7069803	0	14.1492	.
955	517481	0	189.282	.
386	475766	1	26.3373	.
324	454927	1	76.1826	.
480	489402	0	350.633	.
1734	5405673	0	22.1363	.
1742	5622937	1	6.07486	.
1741	5622929	0	2.15069	.
1732	5405657	1	1.66457	.
754	509332	1	26.1866	.
273	442573	1	76.6081	.
617	503038	1	8.89516	.
995	518559	1	14.5914	.
1408	1869300	1	16.2918	.
1569	3033745	1	15.0202	.
1570	3033772	1	12.2589	.
1407	1869273	1	9.38197	.
1567	2959223	1	66.7068	.
176	366638	0	20.834	.
2088	7119084	1	51.2088	.
2089	7119085	1	52.2428	.
1566	2959195	0	3.28935	.
1488	2415507	1	5.98979	.
1891	6614593	1	7.41103	.
772	510253	1	32.4782	.
484	490828	0	269.653	.
892	515317	1	194.007	.
1250	1006616	1	0.334567	.
1222	901335	1	0.151037	.
1220	901328	1	4.76281	.
1252	1006623	1	4.80256	.
1221	901330	1	6.18067	.
1249	1006611	1	41.6985	.
261	441569	0	1.02882	.
1251	1006618	1	46.7806	.
1219	901323	0	0.864047	.
1516	2577268	0	5.69394	.
1463	2185082	1	23.7644	.
430	483087	1	10.328	.
979	518081	0	90.3052	.
1000	518719	1	128.998	.
2071	7069766	0	14.1161	.
1572	3075894	0	0	.
1341	1363494	1	6.06705	.
1571	3075892	1	3.37324	.
1573	3075899	0	2.32123	.
1342	1363499	0	1.67325	.
1130	630051	0	0	.
716	507837	1	275.9	.
278	442721	0	87.2373	.
582	500353	1	9.39605	.
624	503260	0	24.3169	.
2081	7102092	1	0.00342883	.
1056	520547	0	19.6184	.
962	517709	1	65.4444	.
292	445313	0	64.516	.
859	513766	1	2.93781	.
2018	6963116	1	5.39156	.
2002	6929121	1	4.33771	.
2017	6963003	1	7.26982	.
2003	6929234	0	3.64979	.
954	517480	0	106.694	.
406	480262	1	4.36813	.
1066	521029	1	12.5942	.
1064	520892	0	5.80941	.
697	506950	1	3.66897	.
924	516301	1	11.6691	.
1196	822781	1	1.46906	.
367	470793	1	3.50406	.
2100	7134104	0	83.6773	.
2102	7134204	0	132.497	.
2104	7134334	0	83.0698	.
885	514929	1	21.1209	.
340	465103	0	65.7276	.
271	442392	0	24.1989	.
2015	6955603	0	6.70101	.
2016	6955626	0	0.863415	.
407	480559	1	31.3993	.
926	516514	0	16.2872	.
1060	520774	0	1046.3	.
2079	7089796	0	11.6232	.
899	515421	0	57.8991	.
679	506073	0	182.876	.
440	483904	0	0	.
1202	837403	1	4.23632	.
1212	882503	1	9.79039	.
1211	882470	0	1.60174	.
1201	837402	1	2.10078	.
1024	519467	1	35.5732	.
474	487281	1	46.0021	.
452	485900	1	1.23909	.
477	487312	0	6.4422	.
549	497038	0	18.0041	.
810	511655	1	7.06415	.
162	335580	1	35.0686	.
450	485641	0	9.39406	.
1620	3896274	1	4.04651	.
1505	2481362	1	3.8992	.
1621	3896278	0	0.000982533	.
2164	7216914	0	3.85993	.
558	498022	1	47.3104	.
984	518298	0	53.9314	.
26	710	1	24.7444	.
2098	7127719	0	0.234316	.
837	513105	1	0.322268	.
1030	519584	0	31.9437	.
1948	6727655	0	0.147257	.
1928	6702751	1	1.98027	.
1745	5757764	1	1.44691	.
467	486720	0	221.492	.
766	510142	0	397.199	.
611	502502	0	78.0076	.
2058	7052337	1	2.50831	.
2056	7040714	0	3.14966	.
787	510802	1	10.8413	.
116	273182	1	0.729182	.
404	479651	0	2.87254	.
472	487193	1	232.053	.
378	474242	1	48.5196	.
350	469404	0	159.372	.
235	438319	0	142.186	.
2099	7134103	0	147.724	.
2105	7134335	0	124.349	.
2101	7134105	1	42.3182	.
2103	7134205	1	48.1798	.
759	509546	1	232.606	.
434	483510	0	137.208	.
650	504827	1	187.861	.
1645	4061411	1	0.0492155	.
1633	3990042	0	3.35454	.
1644	4061401	1	5.26827	.
374	472500	0	0.226887	.
1634	3990055	1	0.608773	.
1475	2356336	1	19.5432	.
1493	2427516	0	1.53109	.
1492	2427440	1	10.0867	.
603	502039	1	2.1113	.
4	435	1	179.66	.
1339	1358470	0	8.33546	.
1340	1358471	1	6.95197	.
1346	1373755	0	13.5939	.
1725	5145388	0	0	.
1738	5560483	1	1.56725	.
1726	5145395	1	4.42933	.
1737	5560476	1	7.58894	.
961	517665	1	131.556	.
632	503830	1	12.5899	.
108	235297	1	16.9877	.
533	495920	1	75.1709	.
623	503253	1	62.1032	.
674	505801	1	164.99	.
571	499136	1	47.9426	.
229	435778	0	15.5347	.
245	439579	1	43.7745	.
122	282792	0	54.0229	.
243	439358	1	27.2586	.
1296	1177615	1	2.38328	.
1297	1177647	1	0.316968	.
72	1324	0	0	.
1609	3707015	0	5.10634	.
564	498333	0	105.548	.
643	504382	0	131.089	.
512	494111	0	0.789555	.
1217	895741	1	13.3695	.
1216	893937	0	15.0086	.
1531	2663530	0	3.39068	.
1523	2605643	0	4.70793	.
1366	1470357	0	21.2562	.
432	483318	0	104.725	.
451	485674	0	6.13971	.
1116	586110	1	112.234	.
1117	586111	1	106.892	.
1494	2438864	1	6.79702	.
513	494179	1	14.4409	.
972	517870	0	1.35126	.
2024	6988390	0	0.0388567	.
1338	1351939	1	1.777	.
1344	1372274	1	2.85449	.
59	1154	1	0.636446	.
1345	1372297	1	0.540076	.
234	438310	0	5.89936	.
760	509565	1	323.252	.
1258	1079300	1	214.481	.
1261	1079328	1	7.16862	.
1259	1079301	1	14.0551	.
1260	1079327	1	4.13056	.
80	1423	1	276.225	.
1883	6582365	0	2.53196	.
1880	6582362	1	5.12497	.
1881	6582363	1	39.1943	.
1882	6582364	1	35.0688	.
1878	6582352	0	36.6303	.
1879	6582353	0	37.0948	.
1459	2178109	0	0.0709311	.
196	376132	1	58.0496	.
566	498394	0	52.7009	.
205	427382	1	2.26302	.
1375	1561311	0	6.35137	.
931	516589	0	72.649	.
52	1093	1	123.716	.
1670	4336751	1	2.31478	.
1684	4536643	1	0.917396	.
1669	4336738	1	6.10929	.
551	497083	0	4.57456	.
1228	915830	1	0.500009	.
1233	917431	1	0.65099	.
1232	917429	0	0.935916	.
448	485517	1	40.5611	.
152	302175	1	306.89	.
592	501162	0	569.729	.
2029	6998771	1	13.605	.
2032	6998923	1	14.7644	.
2031	6998811	1	0.556944	.
1280	1106515	1	3.92411	.
1275	1099004	1	3.71796	.
1276	1099005	0	7.38206	.
283	443868	1	2.4113	.
189	375598	1	32.4425	.
645	504555	0	48.1855	.
809	511645	0	137.773	.
851	513528	1	84.5579	.
1601	3648690	0	30.5863	.
1600	3635300	0	4.73351	.
1602	3648692	0	4.28276	.
950	517356	1	6.05454	.
209	431369	1	37.0462	.
1113	585148	0	1.82358	.
1115	585170	0	1.78106	.
1101	525962	0	4.16413	.
251	440865	0	0.718537	.
1103	525964	0	2.67085	.
2151	7213445	1	21.9415	.
239	438728	0	0	.
1744	5623777	1	0.931667	.
1727	5279870	0	0.937503	.
1743	5623776	0	1.80898	.
1728	5279871	0	14.6546	.
1079	521532	0	19.8216	.
310	446574	1	45.7841	.
1001	518721	0	0.0355835	.
638	504256	0	23.57	.
332	462732	0	1.55985	.
1286	1108081	0	0.516117	.
1285	1108053	1	23.0785	.
1271	1094627	1	18.5557	.
1272	1094628	1	14.4883	.
1283	1108002	1	19.306	.
653	504962	1	117.494	.
458	486186	1	88.8713	.
576	499527	1	37.1498	.
462	486530	1	16.2644	.
1199	825800	1	26.1116	.
932	516621	0	0	.
1213	884696	1	40.6049	.
1214	884699	1	74.6301	.
823	512531	0	38.03	.
690	506514	0	16.589	.
1507	2515011	1	3.57105	.
1506	2515010	0	2.39205	.
1544	2720543	0	6.79989	.
1010	518866	0	41.1621	.
757	509455	1	54.6494	.
1434	2010173	1	25.4036	.
852	513540	0	113.066	.
781	510592	0	20.8963	.
988	518363	0	0	.
1215	886402	0	0	.
1237	940824	0	0	.
1240	944718	0	0	.
1274	1094707	1	1.01226	.
1273	1094657	1	0.978806	.
1278	1099010	1	2.96338	.
1281	1106518	0	1.42409	.
1282	1106520	1	4.18209	.
1277	1099008	1	5.30866	.
1279	1106514	0	2.19403	.
1284	1108030	0	0	.
1432	2004528	0	2.854	.
1315	1251890	0	2.91566	.
1433	2004529	0	0.649098	.
1316	1251925	1	0.649359	.
1397	1755203	0	0	.
1691	4605485	0	4.89457	.
1442	2030546	0	3.92877	.
1441	2030535	0	5.4931	.
1692	4605496	0	9.63649	.
1454	2139855	0	0	.
1533	2669499	0	0	.
1638	4025759	0	1.63015	.
1635	4008786	1	7.2037	.
2171	7272516	1	8.59409	.
2169	7269074	0	4.42205	.
2170	7269229	1	0.758862	.
1701	4677427	0	0	.
1736	5480624	0	0	.
1774	6227219	1	7.69073	.
1773	6227201	1	7.32173	.
1929	6703805	0	0	.
1984	6860301	0	0	.
2022	6972051	0	0	.
2061	7058277	0	0	.
2135	7187192	0	0	.
