# ContigOrdering file.  This file represents a ContigOrdering object, which describes an ordering of contigs within a Proximo cluster.
# See ContigOrdering.h for more documentation.
#
# Important numbers:
#	N_contigs	1683	(Number of contigs in the input cluster)
#	N_contigs_used	1683	(Number of contigs ordered by this ordering)
#	has_Q_scores	1	(Boolean: has orientation quality scores?)
#	has_gaps	0	(Boolean: have gap sizes between contigs been estimated?)
#
# Columns:
#contig_ID(local)	contig_name	contig_rc	orientation_Q_score	gap_size_after_contig
576	507129	0	4.02371	.
56	1240	1	6.57096	.
114	284663	1	0.394464	.
762	518898	0	61.6185	.
289	475407	1	18.0624	.
1039	1944867	0	7.3635	.
1038	1909869	1	0.535211	.
1037	1909788	0	0.620032	.
1612	7102582	1	11.5119	.
578	507177	0	19.7368	.
35	866	0	1199.95	.
2	409	0	1475.31	.
582	507468	0	8.32869	.
76	1655	0	50.0342	.
263	468098	1	8.80245	.
381	490803	1	8.84079	.
1471	6723179	1	6.3891	.
1472	6745873	1	12.9782	.
1470	6723079	0	4.0709	.
1473	6745973	1	3.43668	.
728	516876	1	192.895	.
220	445218	1	0.120936	.
446	497980	0	0	.
978	1466322	0	0.136962	.
1118	2452526	0	1.85478	.
719	516190	1	42.699	.
753	518551	0	13.9391	.
499	502756	1	56.1012	.
588	507974	1	48.349	.
608	508770	0	175.551	.
1520	6955533	1	12.2704	.
234	446087	1	3.56499	.
757	518732	1	124.579	.
491	502156	1	21.4043	.
637	510721	0	1.31398	.
674	512996	1	64.8262	.
756	518675	1	86.3842	.
343	485950	0	51.491	.
394	492559	1	9.20145	.
1020	1838860	1	3.42903	.
1538	6971919	0	2.69345	.
164	434713	0	144.068	.
467	500218	0	555.617	.
1244	4117980	0	1.41788	.
1251	4179835	0	1.61945	.
1637	7165465	1	19.685	.
412	494411	0	11.0649	.
525	504502	0	4.07861	.
171	438120	1	28.1811	.
1	408	1	1431.76	.
20	676	0	9.92296	.
316	482928	1	4.33756	.
1004	1681672	1	1.15599	.
1005	1681673	0	1.18583	.
1006	1699620	1	3.53355	.
1007	1699621	1	1.52096	.
645	511379	0	7.00922	.
505	503103	1	73.7301	.
792	520837	0	130.675	.
1566	7017294	1	9.39871	.
241	446672	0	4.39985	.
1567	7017295	0	47.399	.
1568	7017298	0	66.0626	.
1569	7017299	0	27.2326	.
352	486509	0	0.0832813	.
106	283681	0	144.143	.
18	638	0	151.715	.
160	432885	1	78.7463	.
486	502010	1	60.2266	.
768	519164	0	99.5719	.
788	520455	0	215.188	.
799	521124	0	30.6608	.
1565	7017293	0	6.16126	.
935	1191092	1	0.520536	.
932	1188530	0	6.85942	.
575	507036	1	3.09582	.
936	1191130	1	31.024	.
931	1188492	1	0.437985	.
745	518293	0	0	.
100	276929	0	13.5091	.
815	522130	0	47.3218	.
452	498357	1	33.6874	.
154	431608	0	35.296	.
269	469508	0	2.0243	.
1672	7356948	0	7.08161	.
1670	7352060	0	4.95814	.
1669	7352056	0	3.43145	.
1671	7356944	1	0.262366	.
675	513367	1	40.4526	.
94	269893	1	14.1873	.
1377	6316273	1	44.5314	.
1375	6316268	0	20.5681	.
1376	6316272	1	8.45499	.
156	431778	1	7.28111	.
540	505466	0	191.201	.
250	460887	0	91.1551	.
264	468541	0	100.632	.
565	506409	1	129.241	.
380	490700	0	0.109977	.
1641	7167817	1	32.9589	.
1640	7167816	1	22.0811	.
1638	7167810	0	12.2703	.
1639	7167811	0	33.6735	.
552	505751	1	14.5517	.
692	514087	1	78.9014	.
665	512538	0	39.1963	.
30	798	1	120.251	.
1571	7022319	1	11.2032	.
1573	7030629	1	2.01827	.
1203	3432477	1	0.416765	.
1204	3432483	1	0.32914	.
326	483438	1	26.9211	.
591	508011	0	1.71214	.
332	484091	0	115.001	.
734	517354	0	79.7979	.
1422	6539423	0	27.6529	.
1502	6879582	1	7.77206	.
1503	6879590	1	9.79781	.
1421	6539414	0	13.2689	.
136	370176	0	0	.
1395	6402393	1	0.690648	.
1389	6381255	1	1.85008	.
1396	6402407	1	4.46263	.
1388	6381241	1	3.37939	.
1673	7384226	0	13.6148	.
1674	7384227	0	28.191	.
714	515827	0	6.52532	.
517	503859	1	26.8044	.
1523	6957815	0	21.432	.
949	1294735	0	4.16344	.
911	1069929	1	13.5461	.
950	1294736	0	19.1925	.
1212	3590122	0	2.83057	.
1112	2441214	1	3.62435	.
1211	3590097	0	10.8135	.
1111	2441189	1	15.0476	.
1522	6957814	1	11.9153	.
1521	6957812	1	12.6879	.
67	1412	0	36.3443	.
530	505021	0	23.2412	.
881	836287	0	13.373	.
900	967718	1	7.36852	.
901	967789	1	7.16806	.
86	232019	1	13.8031	.
167	435544	0	11.3578	.
1409	6483228	1	2.01758	.
1074	2166640	0	2.7863	.
1410	6483229	0	2.55622	.
1479	6819150	0	0.285783	.
230	446000	0	3.89867	.
145	377082	0	13.4531	.
735	517392	1	463.914	.
1486	6863375	1	0.896552	.
1490	6863811	1	11.2126	.
1488	6863587	1	18.6479	.
1491	6863813	1	12.7008	.
1489	6863589	1	1.91519	.
163	434513	1	37.8374	.
518	503972	1	32.6757	.
632	510552	1	7.23423	.
599	508191	0	18.8774	.
413	494426	1	9.16858	.
542	505538	1	35.2419	.
897	935454	1	3.59454	.
914	1089409	0	9.60111	.
916	1089474	1	8.84804	.
1136	2683349	0	105.411	.
1135	2683316	0	106.736	.
21	681	0	39.6857	.
185	441104	1	1.34	.
319	483044	1	63.6111	.
1356	6139696	1	36.1714	.
1357	6139697	0	25.3991	.
567	506449	1	91.6722	.
151	427154	0	17.3813	.
626	510228	0	18.9092	.
1097	2365815	1	6.87939	.
1229	3801388	1	8.68864	.
1096	2365814	0	9.00501	.
1230	3801389	0	9.38346	.
1340	5661327	0	0.766442	.
461	499841	1	12.061	.
311	482144	0	43.2318	.
590	507996	1	12.7054	.
63	1308	1	506.978	.
497	502609	0	119.973	.
528	504681	0	112.775	.
620	509988	1	0.38071	.
1572	7030628	0	1.31399	.
1570	7022318	0	4.30881	.
312	482157	1	106.204	.
261	465578	1	24.9776	.
48	1138	1	1013.49	.
143	375723	0	0.440504	.
1474	6761499	1	0.305452	.
1403	6455245	0	0.674157	.
355	486604	1	307.657	.
411	494362	0	184.612	.
1233	3801635	1	19.1445	.
1231	3801630	0	9.09056	.
300	481549	0	43.5687	.
112	284226	1	27.937	.
686	513824	0	118.607	.
1325	5038648	0	1.13646	.
435	496375	0	33.3893	.
80	1812	0	121.191	.
244	448671	1	7.37416	.
1552	6993086	0	0.975987	.
1417	6506825	1	1.30557	.
1418	6507086	1	7.3613	.
40	1001	1	33.4391	.
373	488272	0	15.8711	.
774	519520	0	37.5334	.
643	511265	0	163.553	.
786	520354	0	208.931	.
256	464038	0	42.7186	.
1541	6977397	1	13.7751	.
1540	6977396	1	4.16357	.
27	747	1	396.121	.
436	496393	1	37.6142	.
661	512348	1	73.0112	.
1601	7094397	0	3.09589	.
500	502801	1	13.0888	.
309	481879	0	34.137	.
437	496562	0	2.15312	.
754	518593	0	0	.
1636	7164735	0	40.9271	.
1635	7164734	0	37.0888	.
515	503607	0	14.0207	.
703	514995	1	34.7076	.
1652	7204956	0	50.5967	.
727	516818	0	178.162	.
68	1419	0	263.683	.
1577	7038835	1	0.689585	.
1578	7038855	1	50.4626	.
483	501806	0	78.1728	.
687	513906	1	128.395	.
474	500532	1	68.494	.
119	290141	0	16.4711	.
388	492139	0	52.1454	.
111	284138	0	62.5435	.
722	516696	1	40.7928	.
819	547253	0	2.96371	.
818	547252	0	3.0744	.
836	672725	1	5.26225	.
835	672724	0	17.7767	.
98	273811	1	68.392	.
360	486675	1	50.9089	.
1392	6381684	0	18.6143	.
1401	6427884	0	9.27942	.
1462	6682119	0	0	.
364	486892	0	46.5012	.
107	283795	0	27.4819	.
89	239364	0	14.005	.
414	494457	1	7.6011	.
257	464096	1	14.9648	.
42	1032	1	541.582	.
177	439821	0	10.0937	.
272	470312	1	109.47	.
402	493407	1	0.887823	.
705	515185	0	17.4549	.
1257	4225515	0	10.6441	.
1253	4207396	1	0.219033	.
1256	4225514	0	3.45508	.
1254	4207397	0	2.55306	.
721	516481	1	118.51	.
472	500441	0	41.3826	.
1332	5263936	0	3.12997	.
1350	5798285	1	0.635751	.
838	716382	0	0	.
1194	3197893	1	3.70251	.
1064	2096548	1	1.98193	.
1065	2096549	0	5.8158	.
550	505720	1	293.74	.
700	514839	0	250.9	.
172	438262	0	0	.
344	486030	1	83.4828	.
227	445737	0	87.1937	.
356	486607	0	11.4619	.
1106	2425406	1	21.1644	.
1100	2380599	1	24.1991	.
1105	2425321	0	78.1274	.
1101	2380684	0	60.6691	.
225	445567	1	9.58473	.
1653	7214502	0	21.0835	.
1654	7214505	1	1.29315	.
468	500262	0	0	.
995	1652453	0	5.38484	.
1002	1665752	0	10.9564	.
217	444026	1	2.14488	.
1003	1665785	0	10.5728	.
994	1652419	0	8.0146	.
417	495338	0	0	.
1680	7440658	0	28.0511	.
586	507578	1	88.1092	.
181	440767	0	51.4967	.
495	502535	1	70.6552	.
544	505546	1	71.2145	.
673	512994	1	592.928	.
215	443870	1	16.8547	.
1383	6352005	0	1.91809	.
1378	6334745	0	2.4329	.
726	516795	0	0.475285	.
4	468	0	89.0067	.
1348	5780948	0	12.8187	.
1347	5780903	0	6.74273	.
1324	5011190	0	6.69933	.
1323	5011144	0	14.9532	.
249	452586	1	15.1267	.
37	904	1	34.61	.
752	518527	0	9.21629	.
152	428989	0	24.6333	.
694	514348	1	36.6174	.
190	441462	0	24.3224	.
195	441753	1	11.8647	.
668	512663	1	29.0908	.
1270	4332658	0	12.2877	.
1271	4332684	0	10.82	.
1060	2055048	1	8.22139	.
1061	2055074	1	11.9218	.
782	520060	0	201.584	.
556	505880	0	41.6699	.
1209	3475615	0	3.56659	.
922	1127177	0	1.4475	.
1210	3475639	0	1.35327	.
1451	6667293	1	34.6969	.
148	377704	0	3.43041	.
923	1127201	0	1.73379	.
1033	1884468	0	20.0521	.
1029	1881830	0	21.9966	.
1030	1881836	0	5.96001	.
1032	1884462	0	5.28872	.
362	486817	1	67.3293	.
278	472212	1	68.4997	.
822	568683	0	4.04571	.
1580	7043447	1	94.3815	.
1581	7043450	1	91.7517	.
1579	7043446	0	138.579	.
1582	7043452	0	132.368	.
242	447297	0	28.723	.
463	500082	0	21.174	.
791	520698	1	0.142451	.
606	508687	1	13.1095	.
430	495975	1	23.6635	.
82	201036	0	0.86352	.
10	543	1	835.176	.
306	481797	0	3.38629	.
442	497183	0	4.38066	.
933	1188832	1	1.11678	.
934	1188847	0	2.56634	.
939	1193848	0	2.34304	.
716	515945	0	93.1909	.
511	503335	1	8.60066	.
3	418	0	100.268	.
941	1208706	1	4.40274	.
957	1332270	1	0.751616	.
942	1208707	0	0.460387	.
958	1332271	0	0.622561	.
78	1676	0	0	.
829	591418	0	0.168464	.
830	591464	1	6.06872	.
351	486449	1	235.728	.
663	512387	0	54.4737	.
1069	2139247	1	1.88086	.
1284	4490717	1	0.443474	.
1643	7178092	1	13.7621	.
1644	7178093	1	9.86192	.
1655	7215181	1	2.50611	.
1656	7215183	1	11.0565	.
669	512686	1	21.5559	.
279	472235	0	17.0509	.
945	1277225	0	12.1908	.
944	1277217	0	12.9107	.
555	505850	0	2.68443	.
1103	2402344	1	2.21089	.
1587	7055011	1	0.594464	.
840	727012	1	5.2369	.
841	739361	1	4.55379	.
839	726989	0	0.945636	.
396	492833	0	41.5618	.
159	432638	1	147.372	.
1283	4489240	0	21.0517	.
1282	4489238	0	6.71951	.
569	506490	0	5.4811	.
783	520073	1	348.09	.
660	512341	0	159.061	.
386	491936	0	27.8777	.
684	513776	1	78.878	.
516	503706	1	309.877	.
317	482942	0	31.0682	.
346	486249	0	35.2258	.
615	509185	0	635.677	.
776	519673	0	494.617	.
1362	6237008	0	4.30432	.
1156	2904261	1	0.786541	.
1131	2592522	0	1.45349	.
1252	4185400	1	16.5995	.
512	503339	1	57.108	.
739	517864	0	67.3216	.
1623	7122856	1	15.0937	.
1624	7122861	1	59.1926	.
993	1633910	0	0	.
681	513656	1	60.0722	.
522	504250	1	68.0737	.
1373	6311602	1	0.0328667	.
260	465483	0	32.8006	.
379	490638	1	60.3773	.
99	275368	1	12.0262	.
368	487286	0	470.494	.
370	487300	1	538.841	.
1255	4211926	0	0.621929	.
618	509486	0	2.12462	.
1316	4846557	0	0.116091	.
604	508559	0	0	.
751	518499	0	11.8565	.
422	495709	0	39.7701	.
1262	4293736	1	67.6192	.
1288	4516648	1	44.862	.
1263	4293766	0	73.4947	.
1287	4516617	0	80.9441	.
975	1450974	0	0	.
747	518340	0	23.8471	.
298	480735	0	36.4774	.
117	285572	0	86.38	.
439	496751	0	72.9718	.
794	520930	1	6.51077	.
948	1283982	1	15.7949	.
1027	1872486	0	31.3525	.
553	505813	1	0.69668	.
1026	1872440	0	10.6956	.
1228	3801385	1	0.275183	.
1094	2365810	1	6.18111	.
1095	2365811	1	15.2105	.
1227	3801384	1	8.30094	.
39	937	0	182.401	.
108	283813	0	2.8359	.
702	514978	1	18.4037	.
1295	4592975	0	10.3013	.
1259	4247391	0	9.67458	.
1258	4247353	0	23.2407	.
1296	4593013	0	25.0009	.
1443	6625568	0	6.62657	.
1436	6609361	0	1.1462	.
1435	6609360	1	1.68248	.
1442	6625506	0	8.41307	.
1441	6624711	1	28.2531	.
88	239267	0	0.752104	.
1440	6624423	1	20.801	.
947	1281201	1	10.6282	.
981	1494707	0	19.7702	.
946	1281200	0	26.7199	.
980	1494706	1	18.2958	.
1196	3233755	1	0.110456	.
1305	4675970	0	3.48786	.
1195	3233754	1	2.55081	.
1306	4675971	1	3.45354	.
688	513919	1	9.12675	.
258	464242	1	32.4293	.
1483	6838453	1	0.908475	.
1484	6838455	0	59.4634	.
335	484490	1	31.1042	.
191	441530	1	8.2197	.
482	501546	0	55.388	.
170	436801	1	43.3223	.
222	445364	0	50.1388	.
334	484171	1	0.175483	.
178	439900	0	47.0285	.
328	483645	0	41.3081	.
718	516084	1	53.3017	.
282	474225	1	9.77751	.
465	500180	0	10.5305	.
644	511276	0	56.8284	.
469	500333	1	5.66845	.
61	1291	1	219.242	.
0	363	1	1888.69	.
1141	2736901	1	0.0362134	.
826	575702	1	7.78286	.
825	575636	1	19.5042	.
824	574396	1	22.4294	.
823	574330	1	10.9259	.
631	510536	0	73.1066	.
377	490013	1	186.29	.
579	507196	0	155.363	.
640	511102	0	11.0117	.
736	517560	1	47.2374	.
1477	6804917	0	0.454742	.
1494	6864971	0	1.2615	.
1240	3901759	0	0.166369	.
433	496181	0	3.98075	.
475	500603	1	19.41	.
1493	6864025	1	4.92338	.
1487	6863377	1	17.4139	.
1492	6864023	1	9.4478	.
1265	4316908	1	9.18415	.
1113	2441659	1	6.90049	.
1114	2441680	1	1.08775	.
1264	4316887	1	3.19448	.
419	495569	0	5.24127	.
179	439921	1	79.8968	.
535	505233	1	5.46763	.
664	512406	0	87.6249	.
1384	6357697	0	80.704	.
1385	6357716	0	78.0989	.
1215	3692134	0	2.21937	.
288	474921	0	140.015	.
238	446402	1	217.923	.
447	498159	1	155.609	.
43	1051	1	252.816	.
773	519489	1	100.038	.
1290	4531012	0	1.33563	.
1108	2439969	1	20.6224	.
777	519711	1	5.7253	.
284	474379	1	22.3254	.
1110	2439971	1	0.347496	.
1107	2439968	1	16.0618	.
131	363384	0	56.5052	.
405	494100	1	41.5822	.
1607	7099516	1	9.52681	.
560	506079	1	0.813259	.
223	445456	0	2.68606	.
1023	1859256	0	3.87307	.
1649	7200133	1	220.38	.
1646	7195896	1	193.259	.
1648	7200045	0	144.867	.
1647	7195983	0	164.951	.
348	486315	1	54.3609	.
444	497546	0	129.484	.
1308	4691176	0	19.8932	.
1109	2439970	1	1.95286	.
680	513603	0	42.4972	.
698	514728	0	127.443	.
1243	4112878	1	2.96277	.
723	516727	1	62.9091	.
701	514919	0	103.326	.
1081	2244671	0	32.1932	.
1080	2244670	0	5.9977	.
1539	6972420	0	1.22707	.
44	1066	0	42.1094	.
969	1423498	0	0	.
1221	3718400	1	10.2274	.
1220	3718327	1	3.78084	.
1267	4320148	0	5.4085	.
1269	4320222	0	21.58	.
196	441788	1	2.04133	.
971	1444291	1	15.3905	.
968	1423463	1	0.0862694	.
231	446004	0	29.9763	.
36	869	0	152.543	.
587	507922	0	19.8038	.
964	1356440	1	5.13739	.
1012	1765046	0	3.03171	.
1274	4337305	0	1.23945	.
1191	3165279	1	1.61024	.
1275	4337316	0	1.04566	.
1633	7151185	1	4.35749	.
1214	3663436	0	3.37793	.
655	512132	0	18.4007	.
123	335343	0	42.497	.
1223	3733249	0	4.7319	.
506	503107	1	109.222	.
71	1511	1	37.1387	.
763	519088	1	232.501	.
50	1176	1	588.013	.
559	506065	1	175.231	.
536	505262	0	18.5	.
549	505703	1	147.741	.
1173	3069446	0	0	.
1179	3107070	0	0	.
1180	3107094	0	10.4415	.
205	443137	1	0.308229	.
1174	3069470	1	7.39707	.
1630	7128068	0	0.591821	.
538	505354	1	7.85673	.
770	519400	0	104.688	.
464	500149	0	3.15432	.
1201	3348360	0	0.158948	.
622	510029	0	609.043	.
38	917	0	270.327	.
795	521027	1	69.0558	.
1071	2143565	1	1.16636	.
1085	2269616	0	13.8609	.
1070	2143563	0	15.9918	.
509	503257	1	23.8804	.
431	496021	1	197.503	.
1405	6474478	1	4.18955	.
1408	6480916	0	5.22949	.
1404	6474449	0	6.66836	.
1407	6480913	1	12.9119	.
90	241236	1	0.250971	.
59	1288	1	4.41529	.
144	376265	0	0.092069	.
454	498607	0	84.4743	.
813	522084	1	154.297	.
690	513962	0	84.1124	.
1530	6963493	1	6.33441	.
1531	6963531	0	5.5755	.
1517	6951657	1	12.4006	.
563	506277	0	3.40946	.
24	725	0	19.4713	.
526	504620	1	214.09	.
479	501064	0	119.698	.
70	1483	0	290.679	.
382	490978	1	3.90628	.
1532	6964913	0	3.64019	.
693	514109	1	0.297823	.
358	486640	1	66.0448	.
1622	7117671	1	2.4281	.
1621	7117670	1	0.791003	.
592	508034	0	0.224531	.
513	503414	0	1.4756	.
339	485440	0	1.95264	.
337	484693	1	19.6813	.
15	587	1	39.8899	.
134	366460	1	2.95108	.
899	944949	1	2.57457	.
904	1025868	1	7.8498	.
905	1025869	1	5.15095	.
1099	2378005	1	5.72996	.
1115	2450762	1	4.62664	.
1116	2450763	1	6.35867	.
1098	2378004	1	6.22934	.
789	520520	1	19.6252	.
74	1582	1	21.0439	.
926	1177649	0	4.53876	.
292	477785	1	3.64029	.
41	1003	0	38.6791	.
302	481605	0	363.229	.
147	377649	0	360.632	.
1044	1963283	1	1.39348	.
1047	1980838	1	7.2387	.
1300	4625644	1	4.15087	.
1078	2218551	1	4.93198	.
1077	2218550	1	7.91239	.
1301	4625645	1	6.91926	.
6	483	0	5.33653	.
1447	6646105	0	4.49422	.
97	273320	0	13.5245	.
775	519571	0	457.834	.
771	519415	1	16.1201	.
955	1309068	1	1.05152	.
954	1296666	1	2.29855	.
313	482649	0	26.0284	.
652	511929	1	167.292	.
749	518462	0	42.3864	.
708	515507	0	15.9169	.
308	481823	1	85.9509	.
1366	6308997	0	21.7789	.
1367	6308998	0	18.8088	.
1368	6308999	1	27.2178	.
1365	6308996	1	16.8316	.
274	470457	1	36.102	.
473	500488	1	74.6405	.
1626	7126987	1	2.76295	.
1625	7126986	0	0.449335	.
480	501200	1	2.56044	.
1202	3370643	1	1.46778	.
519	503993	0	50.0049	.
137	372450	1	40.8807	.
141	375590	0	10.1568	.
290	475409	1	1.72738	.
849	776142	1	0.384406	.
848	776127	0	2.98006	.
851	776430	0	2.8908	.
850	776415	0	0.61819	.
458	499441	1	24.8986	.
149	378078	0	37.7938	.
52	1215	0	72.1956	.
625	510153	0	19.6003	.
1629	7126994	0	19.8731	.
1500	6877444	0	0.0511442	.
1497	6870404	1	4.52951	.
1501	6877486	0	4.70176	.
1519	6953299	0	14.2486	.
642	511261	1	1.20906	.
1518	6953264	0	35.999	.
1496	6870362	0	0	.
1563	7016868	0	77.5975	.
1562	7016867	0	68.0925	.
1561	7016866	0	57.2982	.
1564	7016869	0	67.1181	.
213	443735	0	0.0748065	.
9	522	0	675.511	.
17	620	0	481.814	.
1660	7219553	0	15.1757	.
1659	7219551	0	11.8728	.
809	521890	1	44.6434	.
460	499731	1	236.306	.
543	505539	0	107.086	.
977	1457009	1	5.19877	.
970	1435836	1	6.00745	.
976	1457008	0	0.897985	.
62	1303	0	11.6547	.
453	498533	0	105.909	.
772	519476	0	5.98708	.
1260	4265332	0	3.0358	.
1261	4265354	0	8.53244	.
1299	4622502	1	10.93	.
1319	4916005	0	2.23135	.
1318	4883498	0	1.8026	.
1320	4916046	1	3.53974	.
1317	4883457	1	3.99466	.
1619	7117446	1	28.276	.
1620	7117448	0	46.05	.
787	520416	1	21.9716	.
296	479155	0	1.96507	.
216	443952	1	0.902476	.
247	451785	1	60.7372	.
1034	1886050	1	3.83597	.
286	474530	1	66.0604	.
155	431703	1	26.9201	.
699	514749	0	1.84009	.
1398	6414701	0	5.79364	.
1412	6489639	1	6.09546	.
529	504922	0	5.32894	.
1397	6414700	0	3.8643	.
1411	6489638	1	1.87452	.
1102	2400907	0	11.4089	.
487	502060	0	51.1175	.
621	509994	1	41.2809	.
180	439996	0	0.240679	.
691	513993	1	110.548	.
1238	3890466	1	11.1129	.
1146	2807708	0	0	.
1372	6309699	1	0.363656	.
1371	6309698	0	0.748601	.
1370	6309648	0	0.377099	.
1374	6311652	0	0.45433	.
1369	6309647	1	0.0160397	.
424	495751	0	103.921	.
733	517219	1	241.431	.
827	581957	0	56.625	.
656	512140	1	96.7307	.
404	493956	0	5.547	.
165	434761	0	2.03474	.
26	741	1	47.8685	.
19	672	0	476.503	.
1309	4691177	1	7.60821	.
566	506410	0	0	.
345	486177	1	55.3374	.
280	472689	0	163.473	.
206	443255	0	353.777	.
324	483180	0	244.706	.
711	515764	0	28.9229	.
1558	7007914	1	2.94277	.
1545	6988018	1	3.17828	.
1547	6988078	0	1.36365	.
1556	7007854	0	6.10649	.
651	511807	0	0	.
725	516767	1	61.4831	.
33	843	0	34.2353	.
1021	1852361	0	3.98869	.
1193	3171225	0	5.9622	.
1054	2016172	0	18.6357	.
537	505279	1	56.0969	.
301	481594	1	96.8385	.
398	492974	0	65.0915	.
811	521943	1	8.16403	.
1480	6820915	0	7.40841	.
1476	6798305	0	0.3599	.
1481	6820916	1	1.66767	.
1475	6798304	1	0.771713	.
999	1662772	0	0	.
639	511054	0	11.7408	.
572	507000	0	60.2502	.
597	508113	0	114.222	.
387	492016	0	171.258	.
545	505549	1	13.5795	.
1642	7169125	0	0	.
285	474390	1	2.55305	.
1444	6632582	0	31.3062	.
527	504670	1	7.27218	.
1459	6676731	0	86.8183	.
1458	6676730	0	1.4155	.
1445	6632583	1	1.48462	.
389	492253	1	28.0157	.
658	512314	1	5.2632	.
867	794295	1	72.4401	.
863	794192	1	84.0056	.
864	794225	0	34.2571	.
866	794262	0	21.984	.
466	500211	1	137.814	.
602	508500	0	124.38	.
330	483862	0	64.8261	.
471	500399	1	9.00433	.
715	515849	0	9.63556	.
1614	7108607	0	7.72644	.
1615	7108608	0	17.0204	.
1613	7108606	0	18.5618	.
1616	7108609	0	26.4082	.
1618	7115075	0	0.152721	.
1617	7115072	1	1.76693	.
710	515734	0	3.95254	.
1126	2500655	1	0.355439	.
991	1633866	0	7.23727	.
1125	2500652	1	2.11337	.
992	1633869	0	12.2927	.
1127	2500701	1	4.72634	.
1430	6582016	0	52.6221	.
1428	6581679	0	48.6139	.
1432	6582029	0	26.6344	.
1426	6581666	0	22.9808	.
1431	6582028	1	1.86396	.
1429	6582015	0	1.48763	.
1427	6581678	1	0.631907	.
1425	6581665	1	4.16552	.
679	513596	0	9.71789	.
489	502144	1	90.8894	.
573	507014	0	75.4586	.
407	494305	0	7.66825	.
800	521208	0	97.5962	.
146	377377	1	172.336	.
662	512350	0	214.707	.
781	520019	1	25.6835	.
1176	3070531	1	23.0965	.
1298	4594659	0	13.4644	.
1297	4594596	1	1.02673	.
1175	3070468	1	10.0209	.
237	446393	0	0	.
713	515793	1	76.1751	.
627	510250	0	53.4452	.
73	1537	0	5.26764	.
1438	6617396	1	0.125063	.
1083	2256937	1	71.8838	.
1067	2132550	1	55.4425	.
1068	2132642	1	113.916	.
1082	2256931	1	131.729	.
390	492356	0	42.6413	.
779	519780	1	57.6836	.
731	517028	1	13.9347	.
769	519355	1	19.7037	.
1400	6427883	0	3.74113	.
1390	6381681	0	7.26022	.
22	708	1	0.326	.
375	489151	1	5.21761	.
139	374996	1	2.90543	.
12	554	0	1946.63	.
361	486768	0	646.831	.
121	294186	0	23.531	.
415	494493	1	94.8692	.
624	510123	1	145.303	.
1537	6970101	0	2.80478	.
270	469677	0	0	.
1119	2452550	1	1.84039	.
979	1466323	0	3.51279	.
457	499093	1	21.0628	.
166	434963	1	50.5464	.
81	37776	1	31.4144	.
91	252882	0	7.10005	.
1302	4670742	0	0.527725	.
810	521920	0	381.498	.
175	438941	1	345.247	.
1504	6918760	0	0.730611	.
1505	6918761	0	10.7146	.
1506	6920379	0	11.6761	.
1045	1967916	1	0.0294314	.
765	519116	0	2465.84	.
764	519092	1	2471.59	.
493	502276	0	18.1249	.
1534	6966003	0	54.2236	.
1535	6966004	0	91.3867	.
1536	6966005	0	86.7341	.
1533	6966002	0	30.837	.
873	808643	0	10.9919	.
872	808637	0	2.50905	.
875	809851	1	0.994931	.
874	809846	0	3.64148	.
860	794184	1	19.1584	.
861	794185	0	7.06149	.
859	794183	0	0.200708	.
858	794182	1	24.0745	.
406	494109	1	18.4281	.
96	272814	1	29.4498	.
820	565716	0	12.0528	.
821	565717	0	35.0181	.
612	509001	0	83.6006	.
161	433459	1	133.107	.
619	509545	0	116.519	.
203	443108	0	16.1693	.
1310	4691621	0	0	.
1311	4691636	0	0	.
1598	7071423	0	14.9308	.
395	492613	1	12.9155	.
1682	7445891	1	13.6871	.
184	441063	0	61.0445	.
1681	7445809	0	15.0724	.
846	754175	1	5.20369	.
844	754172	0	33.0999	.
845	754174	1	57.8348	.
1358	6146546	1	7.06274	.
1359	6146547	1	4.08432	.
226	445629	1	55.9611	.
85	214482	0	28.7179	.
485	501994	0	4.4343	.
743	518176	0	0.0480331	.
229	445928	0	11.1162	.
807	521790	1	96.4466	.
305	481701	0	3.46595	.
667	512607	0	9.66416	.
202	442931	0	1.50633	.
1449	6651078	0	20.5997	.
1460	6680962	0	10.8984	.
281	472792	1	93.1603	.
246	449853	0	76.445	.
1307	4690152	0	0.919424	.
798	521087	1	99.3452	.
374	488407	0	48.1114	.
327	483514	1	26.968	.
66	1408	0	289.699	.
1658	7218900	1	4.50879	.
1628	7126989	1	182.47	.
101	277135	1	1.82553	.
1627	7126988	1	54.9249	.
25	731	0	5.57915	.
60	1290	1	108.927	.
204	443125	1	1.74996	.
75	1599	0	45.0752	.
1279	4400338	0	7.2483	.
554	505837	1	0.154254	.
1286	4514538	1	3.49459	.
1285	4514491	1	1.43174	.
1278	4400291	0	7.31362	.
1645	7191101	0	1.73446	.
51	1192	0	1.0007	.
998	1662765	1	2.38198	.
630	510524	0	27.709	.
609	508791	0	156.53	.
494	502376	0	86.2449	.
1250	4179834	0	3.8012	.
1245	4117981	0	50.1073	.
707	515370	1	60.6942	.
128	335600	1	1.94289	.
1058	2026444	1	11.5213	.
508	503212	0	0	.
1239	3890484	0	6.41999	.
1059	2026459	1	0.387806	.
1075	2168222	0	0	.
1583	7043840	0	1.52877	.
784	520156	1	260.344	.
255	463992	0	177.275	.
1548	6989290	1	17.4007	.
1550	6989292	1	12.6343	.
1549	6989291	1	3.54569	.
1551	6989293	0	6.52427	.
539	505455	1	77.0659	.
490	502153	0	47.2935	.
132	365165	0	0.116938	.
5	474	1	226.745	.
476	500630	1	350.113	.
385	491817	1	350.877	.
1018	1831119	0	0.0876126	.
501	502949	1	4.65634	.
182	440811	1	22.4501	.
153	431527	0	6.30784	.
303	481606	0	10.9861	.
583	507519	0	2.37628	.
293	477805	1	32.3971	.
462	500029	0	1.70656	.
1555	7007853	0	3.77225	.
1553	7007829	0	21.0243	.
1546	6988077	0	18.0074	.
1542	6987993	1	1.56769	.
1544	6988017	0	4.47575	.
1554	7007833	0	2.91154	.
1557	7007913	1	40.3879	.
1543	6988015	0	52.2379	.
600	508342	0	174.08	.
601	508472	0	102.319	.
157	431932	1	3.3415	.
365	486974	0	43.4301	.
697	514704	1	5.45402	.
1041	1950531	0	1.02523	.
1596	7070926	1	7.17225	.
1597	7070928	1	14.4092	.
564	506361	1	31.0771	.
318	482980	0	31.2184	.
1197	3312507	1	0.11116	.
1206	3433721	0	0.0893492	.
1205	3433720	0	1.78733	.
533	505219	1	14.092	.
371	487522	1	154.907	.
275	470820	0	140.783	.
793	520898	1	451.653	.
785	520187	1	393.83	.
1600	7076637	1	43.5681	.
1599	7076636	1	36.4359	.
1594	7064650	0	34.5755	.
418	495410	0	41.0396	.
1595	7064651	0	218.728	.
908	1066049	0	0	.
523	504387	0	7.40005	.
310	481990	0	55.5059	.
243	448194	0	13.7038	.
802	521373	0	59.4339	.
871	805106	0	11.111	.
868	804844	0	0.501928	.
252	463052	0	2.45177	.
158	432110	0	15.0019	.
1461	6680967	0	56.5466	.
1448	6650963	0	49.7496	.
666	512543	1	149.29	.
440	496854	0	56.2784	.
197	441892	1	33.3715	.
1343	5712834	0	1.39885	.
1334	5289740	0	0.530273	.
1341	5663811	0	2.48359	.
1326	5038649	1	4.61598	.
1342	5663836	1	2.05644	.
1132	2592523	0	3.34891	.
1155	2904260	0	4.18401	.
960	1333936	1	12.0201	.
906	1050862	1	15.3679	.
907	1050936	0	2.58748	.
959	1333862	1	5.19382	.
1208	3452501	0	3.32993	.
1199	3332948	0	2.6879	.
1200	3333011	1	1.18697	.
1207	3452438	0	0.580725	.
11	551	0	76.3148	.
520	504179	1	12.3734	.
120	291471	1	1.4323	.
1016	1828536	1	6.05564	.
1143	2771550	1	4.58154	.
1142	2771548	1	24.3033	.
1017	1828537	1	22.7627	.
1339	5614246	1	0.245812	.
706	515246	0	18.6925	.
732	517091	0	136.164	.
1167	2963871	1	27.2103	.
1166	2963852	1	12.8212	.
561	506090	1	41.9756	.
657	512193	0	0.717599	.
574	507026	0	13.0659	.
816	522183	0	68.6224	.
502	503026	1	14.0502	.
918	1119492	0	5.74061	.
920	1123326	0	6.50409	.
921	1123327	0	0.966039	.
919	1119494	1	9.11673	.
596	508090	1	202.298	.
595	508089	0	132.205	.
1592	7062768	1	2.96348	.
1590	7062399	0	8.27907	.
1593	7062773	0	46.1874	.
338	485162	0	2.25024	.
1591	7062404	0	55.0892	.
577	507170	1	35.7768	.
8	491	0	194.262	.
1216	3707350	1	18.8504	.
1046	1967953	1	1.81268	.
363	486818	0	1.76045	.
1048	1985855	0	0.226095	.
1526	6958045	0	21.4527	.
641	511138	1	3.64321	.
1527	6958320	0	9.32118	.
1226	3793966	0	6.72392	.
712	515791	0	5.86297	.
1225	3793932	0	2.34222	.
648	511708	0	101.473	.
646	511495	1	9.27389	.
832	611137	0	11.7125	.
831	611136	0	4.4994	.
1513	6951591	0	120.566	.
1511	6935607	0	110.251	.
1510	6935599	0	132.634	.
1514	6951599	0	143.84	.
1509	6935597	1	0.383621	.
1512	6951587	1	13.2772	.
796	521050	1	13.5925	.
1508	6935595	1	0.960414	.
110	284078	1	0.126961	.
104	283216	0	41.3961	.
322	483076	0	43.5545	.
1338	5498753	0	8.56347	.
1321	4955340	0	4.5913	.
1337	5498752	1	5.50407	.
1322	4955341	1	6.98523	.
967	1363497	0	2.5983	.
966	1363492	0	2.65941	.
677	513482	1	75.6356	.
451	498331	0	70.3397	.
125	335533	1	14.8961	.
69	1480	1	117.057	.
470	500359	1	0.596656	.
876	814845	1	1.92335	.
653	511994	1	8.95041	.
426	495788	1	54.3883	.
173	438333	0	13.5226	.
804	521454	1	17.3517	.
1158	2947334	1	18.6836	.
1161	2955268	1	10.882	.
1162	2955288	0	8.18487	.
610	508801	0	25.9928	.
611	508987	1	64.6914	.
985	1505864	1	5.61741	.
1056	2020748	0	3.58609	.
986	1505868	0	7.87392	.
1057	2020752	1	9.63701	.
1213	3603759	0	4.73004	.
1222	3728165	0	4.79784	.
1574	7037258	1	0.398574	.
32	836	1	302.204	.
434	496340	1	92.8979	.
709	515618	0	284.909	.
253	463267	0	157.955	.
331	483995	0	0.387801	.
1414	6494525	0	13.7638	.
1413	6494524	1	11.1799	.
507	503142	0	48.5117	.
92	269184	0	68.915	.
1130	2561336	0	2.38895	.
1128	2561334	0	12.1617	.
1129	2561335	1	6.22964	.
685	513801	1	135.245	.
383	491375	0	27.9332	.
1469	6707880	0	7.83303	.
1468	6707878	0	1.48134	.
1406	6476511	0	2.34132	.
1190	3154535	1	0.573117	.
1188	3154516	0	1.91429	.
1186	3154506	0	2.2532	.
1184	3154487	0	1.37146	.
1187	3154515	0	2.58976	.
1189	3154534	0	0.301557	.
1185	3154505	0	3.00608	.
1183	3154486	0	9.36469	.
201	442630	0	23.0369	.
221	445254	0	32.7743	.
138	373622	0	8.90604	.
1346	5757776	1	13.1315	.
1217	3707351	0	0.0056838	.
7	484	1	3.11958	.
84	214406	0	0	.
806	521694	1	16.0586	.
79	1746	0	29.0174	.
23	715	1	191.536	.
628	510267	1	251.878	.
956	1309096	0	8.27012	.
953	1296638	0	0.111075	.
724	516729	0	0	.
1036	1901481	0	18.3024	.
1040	1950530	0	8.45478	.
273	470440	1	9.34694	.
1035	1901480	0	19.587	.
1014	1807408	1	1.87251	.
580	507274	0	28.7624	.
1015	1807418	1	17.0454	.
488	502132	1	1.05181	.
492	502200	0	18.063	.
746	518331	0	27.2872	.
1433	6591830	1	2.94058	.
1437	6613724	1	20.267	.
1434	6591831	1	34.9422	.
188	441373	0	0	.
1024	1859264	1	0.220064	.
1236	3887046	1	0.923226	.
1237	3887064	0	1.96366	.
1025	1859282	0	0.233472	.
695	514485	1	374.71	.
122	296756	0	23.5793	.
162	434308	1	13.435	.
277	472193	0	38.5636	.
1063	2057507	0	114.568	.
1062	2057505	0	91.8827	.
797	521052	1	0.90436	.
183	440981	1	79.7924	.
1387	6381231	1	30.2719	.
1393	6402382	1	9.38269	.
1386	6381230	1	0.734531	.
886	866973	0	0	.
1013	1765047	0	2.35801	.
965	1356447	0	0.717971	.
605	508607	1	29.8528	.
232	446036	0	1.58813	.
478	500900	0	234.627	.
514	503557	1	398.974	.
219	444547	1	24.3177	.
174	438580	0	149.582	.
441	496981	1	29.6644	.
46	1115	1	358.098	.
1677	7389093	1	4.88222	.
1679	7389102	0	6.6591	.
1675	7386133	0	9.89731	.
1676	7386142	1	8.09044	.
1678	7389094	1	3.0716	.
1665	7299571	1	14.0971	.
1666	7299680	1	3.16442	.
1667	7299791	1	1.38379	.
1668	7299900	1	5.91141	.
548	505600	1	85.0887	.
589	507991	0	21.4139	.
1232	3801632	1	34.3194	.
504	503050	0	51.9847	.
209	443602	0	34.498	.
307	481812	0	4.20667	.
1028	1876130	1	29.0823	.
372	488019	1	19.5404	.
1333	5263947	0	2.71096	.
1349	5798274	0	2.98466	.
532	505202	0	0	.
1134	2631605	1	0.893912	.
902	1013084	1	0.063003	.
903	1013085	1	0.81994	.
455	498612	1	3.63561	.
353	486583	1	2.07155	.
168	435867	0	75.3146	.
187	441363	0	51.8413	.
1292	4536661	1	21.744	.
1272	4336766	1	46.9403	.
1291	4536658	0	29.0306	.
1273	4336769	0	9.73955	.
1314	4818060	1	0.186017	.
459	499691	0	17.1139	.
291	476138	0	29.4962	.
93	269440	1	30.6486	.
778	519714	0	8.86788	.
315	482824	0	46.2248	.
1088	2291883	0	2.24931	.
1606	7099043	0	3.20561	.
1089	2291886	0	2.0167	.
369	487297	0	131.476	.
748	518428	0	112.141	.
140	375549	1	68.8259	.
456	498814	1	86.8724	.
1584	7048293	0	14.9346	.
562	506152	0	34.4835	.
427	495923	1	17.0287	.
1585	7048298	0	0	.
1399	6425182	1	4.09631	.
613	509149	0	21.565	.
546	505550	0	7.65252	.
649	511714	0	45.8491	.
115	284972	0	27.1429	.
1172	3068024	1	10.0537	.
1011	1748850	1	3.75014	.
1171	3068022	0	1.58108	.
224	445459	0	2.42395	.
57	1257	1	269.1	.
245	449217	1	276.699	.
812	522077	0	164.147	.
340	485453	1	86.2137	.
392	492453	0	79.5453	.
126	335535	1	13.7573	.
670	512735	0	48.2145	.
940	1193863	1	37.2525	.
893	918937	0	0	.
350	486360	1	9.98146	.
16	615	0	107.076	.
1117	2452112	0	2.09489	.
913	1076103	0	0.691685	.
912	1076062	0	1.3517	.
889	876515	0	7.04021	.
888	876514	0	5.13934	.
105	283617	1	5.47743	.
299	481293	0	28.6257	.
847	761506	0	7.44461	.
842	751463	0	11.5875	.
843	751522	0	13.3721	.
737	517640	0	73.676	.
1634	7151482	0	17.5992	.
917	1089475	0	2.77873	.
898	935455	0	9.37977	.
915	1089410	1	11.5614	.
496	502605	0	7.79308	.
896	935392	1	17.4446	.
987	1541426	0	0.333825	.
943	1224028	0	11.0572	.
988	1541429	0	14.1606	.
895	935391	0	2.44795	.
347	486297	0	0.0242535	.
113	284656	1	33.5192	.
614	509166	0	3.57417	.
248	452172	1	101.027	.
484	501858	0	35.1897	.
1066	2100572	1	1.33569	.
1328	5039605	1	9.99014	.
1351	5848730	1	3.33672	.
1352	5848769	0	1.10261	.
1327	5039566	1	0.890635	.
193	441622	0	13.2739	.
176	439045	1	16.3847	.
186	441351	1	21.4945	.
1121	2455447	1	15.9425	.
1120	2455446	1	0.110685	.
127	335574	1	78.4608	.
198	442142	1	61.0511	.
1008	1702918	1	9.29234	.
963	1342143	1	9.10172	.
962	1342142	0	0.87345	.
1163	2959219	0	0	.
1363	6300655	0	0.0689145	.
758	518748	1	2.03615	.
1268	4320220	1	4.16772	.
1266	4320146	0	1.47475	.
1219	3718324	1	3.08894	.
1218	3718320	1	13.3776	.
1466	6686025	1	1.04688	.
1455	6671387	1	0.749924	.
1464	6686021	1	1.81511	.
1453	6671383	0	1.8361	.
1465	6686024	1	0.86931	.
1452	6671382	0	1.51506	.
1463	6686020	1	1.29841	.
1454	6671386	0	3.76434	.
570	506629	0	175.473	.
233	446083	1	154.387	.
194	441659	1	125.216	.
568	506489	1	74.5576	.
761	518891	0	197.572	.
1192	3171172	0	26.5289	.
376	489513	1	0.15773	.
1055	2016225	0	30.8992	.
64	1406	1	86.341	.
384	491419	1	55.791	.
759	518809	0	205.603	.
767	519146	0	255.931	.
341	485587	0	63.3311	.
593	508043	0	107.964	.
654	512071	0	106.908	.
1457	6673084	1	4.02022	.
1467	6687730	1	76.4248	.
1456	6673033	1	54.5429	.
208	443578	0	20.8291	.
817	522216	0	57.9965	.
952	1294787	1	20.868	.
910	1069928	0	5.92453	.
951	1294739	0	4.18956	.
909	1069927	0	5.94926	.
1104	2402345	1	0.655423	.
1586	7055010	1	3.53506	.
13	575	1	114.952	.
790	520561	1	89.6718	.
135	366491	1	14.9613	.
1050	1986577	0	17.4366	.
1042	1961650	0	12.6227	.
1049	1986572	1	16.2594	.
1043	1961655	1	30.8207	.
333	484126	0	10.7758	.
689	513923	0	17.6237	.
989	1561294	0	26.3033	.
990	1561313	0	26.6187	.
633	510586	0	77.1386	.
34	864	1	173.719	.
1524	6957821	0	8.80531	.
1525	6957829	0	32.7792	.
445	497618	1	14.2953	.
801	521349	1	80.4568	.
1234	3801637	1	26.7678	.
169	435888	0	2.17455	.
683	513715	0	185.115	.
393	492480	1	144.647	.
929	1184246	1	3.39479	.
974	1448131	1	3.9656	.
973	1448110	1	2.43122	.
930	1184267	0	0.259388	.
192	441588	0	0.409977	.
235	446208	1	96.7394	.
729	516937	0	65.5705	.
1402	6427886	0	20.5351	.
1391	6381682	0	20.1522	.
531	505090	1	1.986	.
428	495964	0	0.375126	.
323	483078	0	29.8128	.
510	503275	0	40.7981	.
862	794191	0	5.45385	.
865	794261	1	5.0445	.
29	756	0	0	.
1495	6865012	1	2.94659	.
1478	6804958	1	3.91258	.
635	510597	1	1242.65	.
408	494321	1	609.783	.
878	817193	0	29.4048	.
877	817191	0	3.45418	.
28	752	0	5.87954	.
581	507436	0	4.08852	.
189	441416	0	6.59408	.
744	518240	1	6.18056	.
251	462622	0	4.93266	.
124	335371	1	190.315	.
87	234793	0	5.86756	.
738	517804	0	42.1963	.
828	586927	1	0.934668	.
1423	6543257	1	0.23055	.
1424	6550241	0	1.35384	.
682	513683	0	49.5402	.
814	522110	1	4.12582	.
808	521804	1	92.9286	.
294	478678	0	4.23029	.
541	505535	1	7.90058	.
72	1523	1	22.5132	.
1602	7097919	0	5.46442	.
1589	7058840	0	4.23697	.
1588	7058759	0	8.09482	.
1603	7098000	0	8.6734	.
14	579	1	312.919	.
534	505224	0	247.527	.
1242	3940792	0	0.353678	.
885	850816	1	1.22817	.
882	847962	1	1.1687	.
884	850804	0	2.54078	.
883	847974	1	3.21659	.
420	495640	0	55.4222	.
268	469446	1	59.072	.
239	446573	1	22.6729	.
1575	7038816	0	5.93559	.
1576	7038817	1	7.18114	.
320	483064	0	0	.
647	511660	1	39.4326	.
295	478718	1	113.412	.
254	463539	1	13.1291	.
1022	1852369	1	12.5184	.
236	446317	0	14.3741	.
616	509187	1	138.543	.
742	518132	1	15.4767	.
671	512878	0	0.436183	.
1198	3332811	1	0.0757879	.
49	1147	0	17.6907	.
240	446658	1	27.0785	.
720	516267	0	33.8411	.
837	716271	0	6.96056	.
287	474765	1	102.834	.
214	443848	1	101.969	.
31	807	1	213.422	.
336	484524	0	18.2507	.
342	485918	1	68.9071	.
1354	5910978	0	0.799591	.
1355	5910979	1	1.93679	.
1329	5093564	1	1.50043	.
1330	5093565	1	0.806916	.
449	498203	1	193.915	.
498	502650	0	206.175	.
925	1147679	0	6.75642	.
924	1147671	0	0.216051	.
58	1264	0	0	.
853	790398	1	9.11824	.
852	790396	1	35.1623	.
623	510074	0	29.4077	.
199	442311	1	16.4893	.
603	508507	1	34.242	.
276	471075	0	71.5022	.
432	496083	1	5.08169	.
607	508704	0	24.8597	.
892	918932	1	9.16353	.
1657	7217461	0	0	.
218	444030	0	15.4979	.
133	366358	0	3.54372	.
1151	2842112	1	6.70855	.
1152	2842113	0	1.66663	.
1154	2891723	0	1.91101	.
1153	2891722	0	0.567912	.
354	486597	0	0	.
870	805105	0	0.495603	.
869	804845	1	0.552017	.
760	518875	1	48.1327	.
399	492991	1	32.5776	.
1148	2810287	1	0.176383	.
47	1137	1	234.158	.
55	1235	0	1622.64	.
45	1094	1	282.685	.
54	1229	1	107.081	.
741	517982	0	146.983	.
833	637900	0	56.1055	.
1276	4354089	0	0.122077	.
717	515956	0	92.4872	.
448	498181	0	51.106	.
1507	6920785	1	30.7373	.
366	487133	0	140.469	.
416	495110	0	15.6953	.
594	508081	0	172.14	.
750	518494	1	23.8677	.
1138	2713785	0	86.5227	.
1137	2713784	0	2.01701	.
325	483268	1	6.70723	.
210	443616	0	19.3582	.
359	486669	0	109.798	.
267	469411	0	17.9605	.
982	1504283	1	2.24604	.
1157	2947314	1	0.755842	.
65	1407	0	224.72	.
659	512339	1	14.2089	.
1364	6307745	1	14.3664	.
547	505582	1	13.6931	.
678	513552	0	134.624	.
1450	6658354	1	3.53099	.
130	359208	1	23.3094	.
259	465060	0	402.724	.
571	506935	0	707.07	.
438	496609	0	30.7482	.
367	487201	0	4.5783	.
557	505895	0	0.67524	.
401	493062	1	1.6987	.
1446	6640510	0	0.515999	.
880	834975	1	8.87415	.
879	834974	1	10.7084	.
77	1665	1	71.5166	.
805	521498	0	182.34	.
95	270707	1	37.8427	.
207	443527	0	26.2323	.
304	481628	1	18.5871	.
1335	5381123	1	35.5964	.
1353	5863824	1	26.2255	.
423	495735	1	32.0175	.
329	483655	0	15.7797	.
1331	5182545	0	6.92945	.
1420	6515195	0	58.8841	.
1419	6515194	0	56.6313	.
1604	7098632	1	6.40785	.
1608	7099517	1	2.30836	.
696	514664	0	0.578142	.
1605	7098633	1	2.96346	.
1079	2221170	0	3.66136	.
477	500810	1	25.9021	.
53	1217	0	204.548	.
1559	7014862	0	3.47866	.
481	501399	0	1.22965	.
83	214217	1	7.02502	.
636	510653	1	15.4891	.
102	281966	0	14.8972	.
103	283164	0	0	.
421	495689	1	115.73	.
109	283980	1	33.7869	.
629	510420	1	39.2165	.
755	518616	0	26.3217	.
1010	1748848	1	5.77183	.
766	519119	0	55.8141	.
116	285274	1	12.4329	.
1664	7281608	0	0.856735	.
1661	7278867	0	3.26572	.
1662	7279004	1	2.34537	.
1663	7281470	0	22.3259	.
314	482789	0	123.257	.
118	285771	1	55.9993	.
857	791250	0	2.76595	.
854	791012	0	3.10736	.
856	791196	1	2.95674	.
855	791066	1	6.64874	.
780	519823	1	184.145	.
129	335674	1	130.897	.
297	479372	0	0.672965	.
142	375594	0	31.9541	.
1632	7136547	0	25.8871	.
927	1183557	0	0.86384	.
938	1191501	1	1.11219	.
928	1183563	0	1.65252	.
937	1191495	0	0.484845	.
1091	2323115	1	2.26487	.
1241	3919537	1	4.58767	.
1090	2323114	1	7.55123	.
730	516973	1	185.139	.
150	378502	0	104.915	.
598	508149	0	36.8745	.
200	442622	1	18.8509	.
1247	4144285	1	11.5383	.
1248	4170894	0	12.9604	.
1246	4144284	1	14.0815	.
1249	4170895	0	14.7533	.
1150	2817460	1	6.18978	.
1144	2785233	1	9.2593	.
211	443660	0	3.56261	.
1149	2817449	0	5.43065	.
1145	2785244	0	4.04601	.
212	443728	0	0	.
585	507546	0	29.0472	.
378	490521	1	29.3839	.
265	469380	1	4.08229	.
228	445880	0	65.2084	.
521	504196	1	77.4356	.
1122	2466501	1	0.461174	.
1123	2466555	1	1.04478	.
1147	2810233	0	0.0868558	.
262	465885	0	0	.
676	513373	0	2.77822	.
266	469390	1	12.8195	.
1415	6506575	0	0.399268	.
1416	6506577	0	20.4534	.
803	521424	1	193.539	.
650	511760	1	89.7909	.
638	510984	0	238.507	.
271	469848	1	60.0244	.
524	504490	1	3.72012	.
283	474262	1	10.7201	.
403	493421	0	30.0335	.
321	483068	0	51.7035	.
1303	4673512	1	12.2677	.
1313	4719392	0	3.41812	.
1304	4673534	1	2.16234	.
1312	4719370	1	0.498807	.
704	515164	0	211.667	.
634	510591	0	253.928	.
349	486336	0	1.57926	.
672	512901	0	3.57664	.
357	486619	0	4.09961	.
972	1444326	1	6.46095	.
391	492394	0	0	.
1139	2718424	1	2.25587	.
1560	7014863	0	19.4645	.
397	492942	1	1.61061	.
1140	2718425	1	66.5308	.
740	517869	1	51.8725	.
450	498232	1	14.3675	.
400	493056	0	25.6361	.
834	637901	1	12.0739	.
409	494324	0	26.8407	.
410	494358	0	0	.
429	495967	0	123.489	.
425	495758	0	106.805	.
1315	4818063	1	1.54748	.
1093	2363755	0	0.592926	.
1092	2363752	0	0.896363	.
443	497419	0	0	.
891	885853	0	10.1666	.
890	885852	0	37.9995	.
503	503042	0	41.9287	.
1360	6205886	1	0.885989	.
1361	6205887	0	0.79536	.
983	1504288	1	1.08584	.
551	505721	0	1.72429	.
984	1504557	1	3.20589	.
558	505911	0	0	.
1394	6402383	1	19.0918	.
584	507542	1	52.3069	.
1499	6876631	1	19.6983	.
1498	6876627	0	11.5563	.
617	509270	0	0	.
887	868263	0	0	.
894	930832	0	0	.
961	1336600	0	0	.
1000	1663736	1	0.0961494	.
997	1654497	0	0.226487	.
996	1654496	0	1.43087	.
1001	1663737	0	1.77678	.
1009	1705059	0	0	.
1019	1836234	0	0	.
1031	1882911	0	0	.
1051	2011060	0	0	.
1294	4578786	0	5.32667	.
1053	2014202	0	4.41761	.
1052	2014185	1	0.805205	.
1073	2157927	1	3.29617	.
1086	2274285	1	2.44647	.
1072	2157854	0	6.21007	.
1087	2274357	0	8.83266	.
1076	2182262	0	0	.
1084	2265722	0	0	.
1235	3882206	0	3.46396	.
1124	2470561	0	4.32269	.
1133	2631604	0	0	.
1165	2960266	0	0.00298419	.
1159	2949417	0	0.0642396	.
1164	2960210	0	0.210127	.
1160	2949474	0	0.314207	.
1181	3138988	1	0.754201	.
1169	3051172	0	3.07352	.
1182	3139067	1	3.01771	.
1168	3051169	0	0.289578	.
1289	4520857	0	0.459648	.
1170	3055033	0	0.829032	.
1177	3087214	0	0	.
1280	4420914	0	0.012125	.
1178	3087236	0	0.0470605	.
1224	3787245	0	0	.
1277	4399767	0	0	.
1281	4420936	0	0	.
1293	4569137	0	0	.
1336	5414590	0	0	.
1345	5714415	1	3.49609	.
1344	5714404	1	3.16314	.
1380	6350934	0	0.485701	.
1381	6351558	1	0.0657809	.
1379	6350930	1	1.65318	.
1382	6351559	1	4.99225	.
1439	6617461	0	0	.
1482	6821706	0	0	.
1485	6854637	0	0	.
1528	6963482	1	0.931146	.
1516	6951655	0	9.78662	.
1515	6951616	0	6.34929	.
1529	6963485	1	3.54927	.
1610	7102073	1	1.28013	.
1609	7101934	0	1.63418	.
1611	7102076	0	4.67958	.
1631	7129114	0	0	.
1651	7204234	0	5.69799	.
1650	7204160	0	3.88544	.
