# ContigOrdering file.  This file represents a ContigOrdering object, which describes an ordering of contigs within a Proximo cluster.
# See ContigOrdering.h for more documentation.
#
# Important numbers:
#	N_contigs	2210	(Number of contigs in the input cluster)
#	N_contigs_used	2210	(Number of contigs ordered by this ordering)
#	has_Q_scores	1	(Boolean: has orientation quality scores?)
#	has_gaps	0	(Boolean: have gap sizes between contigs been estimated?)
#
# Columns:
#contig_ID(local)	contig_name	contig_rc	orientation_Q_score	gap_size_after_contig
1457	2357376	0	0.227342	.
895	514819	0	42.3318	.
314	448338	1	9.9751	.
149	284535	1	17.7416	.
1873	6471430	0	166.499	.
1870	6464937	0	146.549	.
1869	6464936	0	96.0793	.
1874	6471431	0	112.844	.
834	511903	1	5.17319	.
1509	2670370	1	5.84072	.
1397	1907843	1	2.75079	.
1396	1907840	1	0.448667	.
1510	2670373	0	2.00278	.
1314	1507750	1	3.54692	.
1268	1233710	0	15.3685	.
36	805	1	189.431	.
197	366734	0	7.10794	.
1155	689348	0	11.7746	.
1153	689270	1	0.444932	.
1154	689271	1	9.30868	.
1156	689349	0	8.10137	.
1645	4180377	0	3.10596	.
1636	4142212	1	0.411225	.
585	498488	1	1.6979	.
1644	4180374	1	7.16177	.
1637	4142215	1	7.61525	.
856	513119	0	0.159396	.
744	507715	1	31.627	.
607	500504	0	25.5031	.
615	500981	0	39.8513	.
1117	629626	0	21.2315	.
1118	629627	0	11.3728	.
2076	7088571	1	26.945	.
2079	7088763	1	22.4074	.
1234	1021964	1	10.8568	.
1229	1021958	1	33.112	.
854	513110	0	45.7856	.
1230	1021959	1	7.99442	.
1513	2732065	0	0	.
2170	7210782	0	18.6465	.
910	515463	1	81.4072	.
319	450040	1	57.2774	.
176	334661	1	108.249	.
659	503497	0	122.916	.
513	491989	0	0	.
697	505710	1	2.80398	.
581	498374	1	102.783	.
1382	1823269	0	0.530159	.
1381	1823268	1	7.51426	.
508	491324	0	2.00296	.
337	464162	1	6.49774	.
752	508027	1	18.994	.
719	506400	1	30.7454	.
960	517358	0	71.61	.
663	503770	0	62.2172	.
2038	7035548	0	11.672	.
814	510921	1	23.1892	.
536	493988	1	106.015	.
27	668	1	293.267	.
214	378472	0	24.7263	.
1618	3924250	0	1.93778	.
1538	2911392	0	2.09858	.
1735	5164682	1	0.466924	.
1776	5868882	0	31.623	.
1736	5164683	0	34.3905	.
1777	5868883	1	0.429273	.
143	284116	0	54.6466	.
921	515866	0	71.4549	.
745	507720	1	21.5927	.
701	505773	1	3.27843	.
775	509042	0	48.2543	.
226	431194	0	9.74475	.
355	469647	0	8.07619	.
1595	3651187	0	12.1497	.
1578	3402461	1	6.96065	.
1596	3651223	1	18.4191	.
1577	3402425	0	19.279	.
2013	6956562	1	0.0130034	.
2009	6955024	1	0.42475	.
2012	6956461	0	1.28959	.
2007	6954922	1	4.36609	.
858	513201	1	15.732	.
624	501393	0	25.9349	.
16	486	1	297.344	.
104	1709	1	11.1611	.
830	511610	0	22.6086	.
4	360	0	42.177	.
42	881	1	3.60506	.
1285	1350578	1	0.422596	.
1423	2052617	0	0.948394	.
1424	2052624	0	1.67939	.
1190	836809	1	10.0914	.
1180	807204	1	12.1907	.
1064	521385	0	0	.
1128	637348	1	5.93776	.
65	1156	1	3.67447	.
1897	6536407	0	2.55461	.
1898	6536543	1	1.25102	.
1900	6541577	0	10.2052	.
1899	6541441	0	5.49945	.
902	515078	1	432.431	.
904	515174	0	552.145	.
503	491063	0	0.231153	.
239	435539	0	15.9262	.
970	517874	1	64.507	.
973	517988	1	136.571	.
1613	3797609	0	3.90245	.
1409	2003749	1	8.24318	.
1421	2036757	1	5.11602	.
1408	2003748	0	9.45111	.
1422	2036758	0	7.53016	.
46	942	1	8.15242	.
77	1284	0	90.1164	.
2133	7169381	0	4.18157	.
866	513524	0	18.6581	.
163	286106	1	10.9337	.
1357	1666545	1	6.38801	.
1354	1663123	0	2.17944	.
898	514933	0	20.463	.
206	376432	1	102.532	.
413	481842	1	34.1949	.
552	496259	0	9.7838	.
1173	767835	0	0.669657	.
72	1234	1	189.123	.
1548	3077615	0	0.00350191	.
1135	659628	0	1.06377	.
1134	659623	0	1.07514	.
1124	636563	1	6.34454	.
173	300668	0	4.55004	.
281	443641	0	11.2931	.
1823	6323932	1	0.874587	.
758	508297	0	88.407	.
125	278732	0	34.4732	.
1952	6687679	0	9.64215	.
1051	520812	1	115.736	.
784	509637	0	75.2277	.
1440	2218288	1	98.1045	.
1453	2323716	1	101.964	.
1074	521743	1	0.450433	.
1452	2323700	1	40.6871	.
1441	2218304	1	59.8983	.
1508	2652321	1	0.102227	.
1506	2616057	1	1.05793	.
879	514048	0	33.126	.
312	446712	0	26.1041	.
1834	6361521	1	70.1188	.
1837	6370463	0	51.6321	.
1833	6361520	0	57.9931	.
1836	6370462	1	50.8196	.
1524	2751535	0	0.960124	.
1525	2751554	1	1.31713	.
681	505047	1	18.4596	.
501	490924	0	0.785834	.
665	504049	0	217.886	.
2127	7160570	0	6.06047	.
646	502968	1	8.75612	.
2161	7207227	1	46.5252	.
2158	7206822	1	37.6934	.
1535	2876363	1	2.08415	.
1534	2876350	1	4.857	.
1401	1929999	1	4.33757	.
1400	1929986	1	1.24369	.
1041	520523	1	16.5927	.
1416	2021730	0	0.0133723	.
1684	4578825	1	8.80754	.
1414	2014110	1	8.58444	.
1683	4578824	1	2.19716	.
1415	2014111	0	8.49639	.
1007	519138	1	12.5516	.
766	508663	0	22.8651	.
1546	3035220	0	35.4812	.
600	500200	0	28.1504	.
807	510436	0	223.483	.
791	510030	0	116.021	.
177	335330	1	250.219	.
432	483243	0	167.653	.
2028	6989107	0	155.946	.
2099	7134207	0	16.6694	.
2100	7134337	0	22.8204	.
1587	3582557	0	0.0468882	.
260	441142	1	11.015	.
140	283913	1	45.1569	.
767	508741	0	9.89671	.
950	516971	1	41.9678	.
951	517008	0	55.4419	.
2022	6971920	1	29.3063	.
2036	7033263	1	32.5595	.
2037	7033392	0	3.04922	.
528	493332	0	135.889	.
405	481210	1	25.0071	.
1031	520253	0	1083.49	.
476	486450	1	809.204	.
414	482054	1	138.667	.
452	484762	1	98.6971	.
453	484776	0	293.82	.
203	375614	1	232.713	.
711	506149	0	55.4098	.
2156	7204996	0	8.15735	.
2157	7205013	0	8.67704	.
1556	3167316	0	34.0383	.
1557	3167317	0	35.0953	.
336	463961	0	132.349	.
446	484341	1	35.974	.
1217	965710	0	7.99033	.
1278	1290315	0	18.0026	.
1402	1941521	0	6.9927	.
1294	1421766	0	3.19676	.
1403	1941544	1	2.18892	.
1293	1421743	1	5.71766	.
1484	2458866	0	0	.
2027	6987997	0	0	.
2152	7204972	1	2.91236	.
2153	7204973	1	191.844	.
2149	7204967	1	366.441	.
2148	7204966	1	211.346	.
1086	522173	0	166.085	.
542	494876	0	23.6421	.
396	479625	1	45.2273	.
300	446194	1	60.5901	.
1530	2829635	0	22.7462	.
1529	2829634	0	1.03487	.
1652	4225103	1	0.270221	.
1392	1906500	1	1.51042	.
1342	1650245	1	3.34661	.
302	446226	0	29.8411	.
119	272569	1	34.9268	.
463	485513	1	2.99176	.
859	513217	1	3.24734	.
294	445872	1	2.47058	.
2017	6964912	0	0.1903	.
2110	7150888	0	3.21089	.
2106	7150752	0	32.1321	.
2111	7150892	0	55.565	.
2104	7150623	0	8.38246	.
1014	519378	0	0	.
2025	6981933	0	2.5597	.
318	449448	0	0.715989	.
2029	6992166	0	4.48483	.
2024	6981834	0	0	.
160	285585	1	160.515	.
947	516784	1	265.023	.
329	461953	0	183.46	.
493	487562	1	128.529	.
1052	520825	1	14.4095	.
559	496376	0	101.443	.
909	515460	1	16.0867	.
1262	1203469	0	21.9155	.
1264	1214796	0	0.127104	.
1364	1669915	1	9.26448	.
1362	1669913	1	10.512	.
1363	1669914	0	4.2309	.
1361	1669912	0	8.1882	.
742	507650	1	100.925	.
642	502718	0	155.073	.
571	498031	1	6.1597	.
309	446690	1	224.455	.
311	446710	0	156.921	.
527	493223	1	0.954898	.
2151	7204971	1	32.1946	.
2150	7204970	1	31.0818	.
480	486703	0	5.55634	.
471	486342	1	13.7198	.
492	487309	1	6.70888	.
1884	6506830	0	29.4461	.
1885	6506836	1	22.3694	.
1887	6507097	1	14.5175	.
1886	6507091	0	16.4117	.
114	269081	0	49.0664	.
631	501906	0	43.9132	.
888	514633	0	8.66396	.
32	778	0	146.567	.
1065	521409	1	75.2535	.
1498	2540265	1	2.90801	.
1372	1757061	1	0.131857	.
445	484263	0	26.4256	.
169	294417	0	8.87733	.
1700	4774694	0	10.1944	.
1520	2749850	1	6.34586	.
1701	4774778	1	3.40824	.
1080	522011	1	101.912	.
325	459294	1	40.0886	.
2090	7123676	1	15.9096	.
2091	7123678	0	4.83246	.
1225	988616	0	18.5398	.
1489	2462279	0	10.8205	.
1226	988617	1	12.9848	.
1488	2462278	0	0.461134	.
385	475681	1	127.832	.
288	445482	0	6.02127	.
715	506309	1	185.653	.
870	513814	1	22.6784	.
1793	6169289	0	8.84488	.
1792	6169288	0	10.22	.
107	1790	0	7.17771	.
1795	6169327	0	11.559	.
1794	6169326	0	7.55911	.
1188	823102	0	4.79328	.
857	513151	0	123.098	.
272	442412	0	108.668	.
824	511136	1	121.67	.
780	509419	0	6.50936	.
1002	518823	0	41.0653	.
409	481604	0	25.3587	.
1634	4093555	0	0.456361	.
345	467619	0	24.8145	.
785	509700	0	140.108	.
2136	7175464	1	4.21799	.
2134	7174088	0	5.45281	.
2137	7175465	0	2.04071	.
2135	7174089	1	2.88281	.
1315	1507751	0	2.95066	.
1269	1233711	1	2.59713	.
1787	6063358	1	12.1253	.
482	486724	0	5.78112	.
1788	6063359	1	11.1974	.
1273	1290255	1	3.31807	.
1215	965701	0	5.53519	.
1280	1290324	0	15.5834	.
1214	965691	1	0.447161	.
1277	1290305	0	8.61487	.
1219	965751	1	5.20522	.
287	444651	0	75.2197	.
320	451786	0	195.942	.
1036	520321	0	186.648	.
1013	519368	1	4.14739	.
622	501232	0	17.721	.
537	494108	1	11.8583	.
1102	581958	1	9.37096	.
1103	581959	1	16.5556	.
1265	1214798	1	1.68979	.
1261	1203468	0	8.96868	.
1000	518704	1	45.9831	.
108	215552	1	139.334	.
1263	1212655	1	4.58459	.
1101	581956	0	0	.
1407	1985853	0	0.00190367	.
702	505812	0	410.753	.
861	513365	0	515.316	.
1026	520169	1	80.402	.
2006	6954921	0	3.39325	.
2008	6955023	1	9.11495	.
2011	6956399	0	13.6276	.
2010	6956396	1	1.90818	.
907	515216	0	312.744	.
386	475827	1	325.212	.
1079	522006	0	14.6361	.
470	486139	0	7.79456	.
1943	6672997	0	0.769356	.
1950	6687642	0	82.7917	.
1942	6672996	1	58.4115	.
1951	6687643	0	3.90744	.
1989	6882403	1	0.0417273	.
56	1069	0	1239.27	.
62	1129	0	2548.18	.
2202	7410412	0	0.103926	.
2116	7151119	1	6.38156	.
2118	7151121	1	3.72103	.
202	373511	1	111.992	.
255	440787	1	20.0311	.
296	446090	1	35.212	.
567	497544	1	9.23386	.
485	486764	0	29.1206	.
734	507158	1	25.3275	.
1024	520085	1	109.822	.
940	516330	0	180.034	.
80	1338	1	175.554	.
41	868	0	169.282	.
1320	1529247	0	5.4556	.
1322	1529285	0	9.5486	.
1222	965770	0	0	.
2117	7151120	1	17.2949	.
467	485762	0	4.51378	.
2115	7151118	1	8.43257	.
669	504206	0	18.1845	.
977	518168	0	33.8521	.
301	446214	1	11.2203	.
616	500983	0	7.98783	.
1653	4227430	0	2.82949	.
1139	682051	1	4.38081	.
1137	678965	0	2.30637	.
1140	682121	1	9.36955	.
1136	678895	1	3.58643	.
404	481205	1	33.7028	.
477	486461	1	33.3948	.
1426	2061645	0	8.90822	.
1428	2084829	1	2.07533	.
1427	2084763	0	0.959819	.
1425	2061579	0	2.62681	.
1527	2798937	0	3.72264	.
1616	3886950	0	2.12666	.
1617	3886951	1	1.89999	.
754	508087	0	28.2114	.
504	491099	0	22.5365	.
1406	1981125	0	1.92345	.
645	502869	1	70.8798	.
50	978	1	58.6409	.
836	512025	0	27.6203	.
495	488776	1	34.5001	.
1696	4743934	0	0.00400448	.
886	514550	1	7.50203	.
935	516193	1	3.25007	.
1704	4796705	1	2.85791	.
1705	4796754	1	2.65927	.
955	517215	1	3.21862	.
215	378537	0	105.854	.
219	378682	1	191.149	.
252	439570	0	13.2584	.
733	507154	0	12.661	.
449	484663	1	296.582	.
116	269965	1	48.347	.
144	284169	0	86.6997	.
324	458968	1	0.00864591	.
962	517403	0	27.4168	.
1499	2549048	1	0.588555	.
1394	1906504	0	16.8077	.
1344	1650281	0	11.8076	.
1343	1650248	0	8.76	.
1395	1906537	0	14.3588	.
1865	6450397	0	15.6326	.
1121	635193	0	0.694209	.
1864	6450396	0	8.51442	.
1120	635192	0	2.23694	.
2087	7102585	1	7.64487	.
1909	6549162	0	5.72281	.
1903	6544542	0	7.93325	.
1904	6544648	1	4.43819	.
1908	6549056	1	6.66025	.
1142	685415	1	2.6702	.
1143	685418	1	1.01501	.
650	503127	1	144.923	.
729	506930	0	103.909	.
1892	6515200	1	0.972188	.
1542	3011716	0	0.161971	.
1675	4545051	0	4.88252	.
1022	519983	1	48.6238	.
721	506492	1	42.2822	.
1186	823064	0	2.66157	.
1187	823065	0	2.83198	.
871	513846	0	41.6408	.
47	943	0	91.0013	.
457	485195	0	14.5381	.
1050	520805	1	112.045	.
1094	560719	0	0.195838	.
1387	1862362	0	0	.
1475	2440608	0	0.951651	.
808	510570	0	41.6511	.
670	504230	0	12.4148	.
387	475857	1	67.7257	.
241	435915	1	0.725781	.
436	483441	0	20.031	.
2030	6992167	0	7.29576	.
1803	6237007	1	2.47679	.
1802	6237006	0	1.74866	.
1804	6240006	0	1.45873	.
1805	6240007	0	5.06153	.
1337	1604499	0	3.34523	.
1291	1407384	1	17.2238	.
460	485363	0	1.38563	.
1292	1407397	1	8.75058	.
1336	1604486	0	2.38862	.
2042	7036825	1	24.0042	.
2041	7036815	1	41.8106	.
275	442750	1	0.468992	.
2040	7036801	1	30.506	.
1879	6494522	0	1.60731	.
1491	2515767	1	3.67803	.
1082	522060	1	142.854	.
97	1576	0	94.5095	.
1303	1449985	1	2.97834	.
931	516128	0	22.1031	.
694	505458	0	15.6242	.
1328	1570793	0	8.40312	.
1325	1570790	0	14.5587	.
1174	775512	1	11.9139	.
377	474941	1	14.5741	.
815	510928	1	180.047	.
2206	7441763	0	1.86531	.
707	505949	1	34.1384	.
819	510975	0	32.2646	.
1430	2120826	1	23.5904	.
595	499231	1	7.82149	.
534	493778	0	81.1574	.
893	514768	0	1.71713	.
726	506735	0	7.98499	.
53	1009	0	502.873	.
475	486442	1	0.403427	.
1485	2459778	1	4.61019	.
1487	2459812	1	1.4485	.
629	501723	0	1.15064	.
1486	2459809	1	0.728632	.
1732	5016660	1	0.0732225	.
58	1096	1	12.7724	.
1733	5016668	0	4.88585	.
1782	5940040	0	5.84102	.
1784	5940048	0	1.24669	.
1309	1470349	1	0.647134	.
1308	1470336	1	4.80912	.
1306	1464458	0	5.51371	.
520	492458	0	30.2583	.
500	490773	1	26.7353	.
330	461998	0	4.33729	.
1055	520847	1	10.326	.
1227	1003834	0	5.50947	.
1391	1869930	0	0.728016	.
1228	1003837	0	10.571	.
1390	1869880	0	9.21663	.
1240	1071262	0	0.673381	.
1212	955548	0	2.10448	.
1241	1071286	1	1.97503	.
1211	955524	0	2.7219	.
245	438190	0	1.64066	.
147	284476	1	5.66814	.
66	1162	1	151.675	.
347	468075	0	1.02845	.
2173	7214500	0	0.368459	.
548	495787	0	27.0508	.
648	503117	0	24.8652	.
5	362	1	274.275	.
430	483191	1	1.89808	.
1248	1079721	1	0.0930822	.
1242	1075298	0	6.87227	.
1243	1075299	0	21.3592	.
942	516417	1	150.495	.
606	500397	1	1.41501	.
569	497815	0	44.2331	.
1851	6401212	1	0.196188	.
81	1342	1	65.65	.
59	1104	1	108.815	.
1739	5249423	0	0.799742	.
1749	5460837	0	1.16054	.
1244	1079294	1	56.6048	.
713	506192	0	0.290593	.
1245	1079295	1	47.9884	.
213	378384	1	36.6382	.
915	515637	0	26.8956	.
431	483229	1	48.9757	.
1450	2303460	0	64.8113	.
1436	2178569	1	2.5233	.
1435	2178568	1	1.91465	.
1451	2303461	0	1.11903	.
2016	6961575	0	0.437699	.
1911	6575763	0	0.461806	.
2015	6961574	0	3.80976	.
1910	6575762	0	5.68743	.
1389	1868347	0	1.72762	.
1388	1868346	1	1.21283	.
1183	818553	1	16.1182	.
1184	818597	1	16.26	.
1371	1749575	1	20.4926	.
1370	1749531	1	25.757	.
38	833	0	121.842	.
380	475298	0	3.8959	.
1144	685419	1	15.8405	.
1045	520583	0	55.6184	.
156	285410	1	12.692	.
978	518227	0	135.804	.
110	236003	0	31.9908	.
735	507169	0	17.1332	.
2191	7288472	0	2.56267	.
2192	7291826	1	1.27838	.
2190	7288362	0	0.710777	.
322	453122	0	71.0851	.
95	1566	1	441.021	.
632	502019	1	188.765	.
566	497219	1	38.3264	.
1996	6920862	0	0.841076	.
593	498987	1	26.0216	.
828	511277	0	28.4544	.
334	463936	1	5.23614	.
1500	2551762	0	0.888224	.
459	485250	0	15.3454	.
753	508036	0	27.8034	.
186	335534	0	32.7147	.
906	515202	1	84.095	.
2141	7179644	0	3.03215	.
64	1150	1	95.7983	.
1018	519566	0	93.872	.
2142	7179646	0	8.31772	.
1247	1079351	1	2.34416	.
1246	1079350	0	3.51031	.
2139	7179640	0	9.69755	.
2144	7179649	1	3.94669	.
228	431368	1	7.10953	.
2143	7179648	1	14.7569	.
2140	7179641	0	15.1044	.
502	490964	0	5.4296	.
792	510050	0	154.078	.
959	517266	0	37.1727	.
11	425	1	220.144	.
240	435862	1	0.21008	.
1731	5016658	0	2.8175	.
1783	5940046	0	3.8686	.
1056	520849	0	49.9461	.
161	285595	1	40.0058	.
1843	6388290	0	28.3969	.
1848	6391069	1	12.2389	.
1844	6388291	0	15.5228	.
1847	6391068	0	18.3953	.
1678	4555958	0	2.76782	.
1544	3035215	0	11.5801	.
712	506168	1	42.4985	.
533	493758	1	66.2218	.
366	470430	1	111.651	.
1919	6582355	0	23.49	.
1918	6582354	0	12.3681	.
433	483244	1	132.461	.
903	515096	0	79.9929	.
816	510942	1	46.3706	.
953	517052	0	27.1016	.
1545	3035219	1	25.9125	.
1677	4555957	0	25.9745	.
1676	4555953	0	2.34407	.
1664	4353824	0	5.37873	.
1665	4353828	0	8.67833	.
1339	1613984	1	3.83372	.
1338	1613980	1	6.23467	.
212	377943	0	14.7675	.
441	483644	0	500.501	.
421	482822	1	545.137	.
724	506631	0	0	.
604	500267	1	141.665	.
849	512751	0	306.413	.
79	1318	0	294.143	.
936	516237	0	955.582	.
1196	877968	0	0.161161	.
153	284951	0	34.0155	.
353	469552	1	25.4123	.
417	482238	0	20.4661	.
1647	4185844	0	1.41398	.
1456	2326300	0	0	.
1168	732710	0	0.000981036	.
1088	522209	1	23.2921	.
1629	4019520	0	0.336314	.
1691	4675976	1	35.5613	.
1566	3233756	1	27.3189	.
1690	4675972	0	103.657	.
1567	3233760	0	112.42	.
1519	2744399	0	2.59931	.
1084	522100	1	112.975	.
662	503530	0	66.2139	.
93	1547	0	35.3788	.
397	480186	1	2.91899	.
274	442608	1	17.9905	.
1020	519620	0	11.8655	.
1597	3654990	0	16.0307	.
1446	2225951	1	3.53862	.
1433	2160163	0	21.3862	.
1445	2225944	0	16.6267	.
216	378538	1	49.7321	.
690	505396	1	1.19355	.
1775	5856040	1	7.81232	.
265	441574	0	0	.
1369	1722025	0	0	.
2054	7063359	1	0.403127	.
15	451	0	59.5143	.
981	518251	1	26.8517	.
496	489025	0	22.4934	.
1906	6548942	1	3.87114	.
1902	6544435	1	0.295136	.
1901	6544434	1	2.34405	.
1907	6548943	1	1.35934	.
890	514688	1	192.657	.
887	514565	1	86.7401	.
2101	7135092	1	4.66495	.
2103	7135111	1	4.47177	.
185	335495	0	2.0834	.
580	498364	0	76.655	.
609	500628	0	8.4517	.
474	486409	1	27.7853	.
880	514072	0	15.8434	.
2119	7151986	0	2.5464	.
934	516185	0	71.2363	.
406	481511	1	9.18223	.
825	511154	1	240.593	.
1224	982308	1	17.9237	.
328	461743	0	2.55047	.
179	335373	0	143.87	.
6	372	0	247.93	.
194	365959	1	94.9037	.
359	469985	0	0	.
1455	2324650	1	0.189011	.
1454	2324648	0	6.97857	.
96	1570	0	16.8786	.
1047	520704	1	31.5495	.
1333	1600403	0	1.82721	.
561	496453	0	0	.
1758	5540149	1	0.823337	.
277	443010	1	14.3438	.
0	88	0	5.91855	.
684	505177	0	25.5775	.
843	512458	0	156.743	.
43	903	0	23.6363	.
1044	520574	1	76.816	.
2065	7070371	0	29.7028	.
2066	7070373	1	3.99354	.
142	283957	0	0	.
812	510839	0	0	.
1253	1114572	1	3.61441	.
1249	1094310	0	9.27741	.
671	504278	1	42.5921	.
586	498494	0	36.2501	.
360	469996	0	37.7861	.
118	272508	1	6.95936	.
736	507216	1	42.3383	.
1066	521434	1	203.675	.
521	492472	0	219.761	.
89	1469	0	151.791	.
236	432228	1	38.5048	.
773	508991	1	9.22984	.
916	515669	1	27.1613	.
1568	3251140	1	0.946364	.
1332	1595687	1	16.7676	.
1335	1600931	0	5.39231	.
1334	1600930	0	13.6172	.
1331	1595686	1	11.394	.
546	495658	0	24.725	.
510	491599	1	22.9365	.
750	507963	0	166.948	.
1726	4960676	1	10.5458	.
1727	4960677	1	12.1809	.
82	1367	1	125.393	.
1015	519456	1	21.9821	.
732	506997	0	125.971	.
19	531	1	426.276	.
802	510270	1	628.946	.
2129	7162051	1	13.4676	.
447	484438	1	1.47674	.
2128	7162050	1	23.3494	.
1091	523817	1	11.5391	.
1092	523820	1	22.0768	.
1090	523816	0	13.5362	.
2197	7344527	0	21.5639	.
984	518290	0	16.249	.
2199	7348267	1	57.0101	.
2198	7344545	1	1.55004	.
2200	7348285	0	1.20056	.
368	471165	0	0	.
488	486888	0	107.05	.
331	463364	0	72.4758	.
538	494308	1	146.035	.
121	275417	1	4.63178	.
594	499117	0	28.4194	.
1605	3777336	0	32.1679	.
1606	3777357	0	23.342	.
424	483036	0	17.2626	.
1029	520232	1	20.8226	.
1060	521111	1	281.932	.
491	487183	0	174.629	.
738	507516	0	119.641	.
1668	4439567	1	40.7099	.
1667	4439566	1	20.4844	.
199	372428	0	0	.
799	510220	1	48.3938	.
873	513861	0	191.692	.
1239	1069926	0	4.41642	.
1254	1114576	0	2.52903	.
1250	1094311	1	4.40133	.
639	502337	0	26.9455	.
517	492260	0	24.9551	.
111	244315	1	4.8874	.
575	498259	0	97.5449	.
1810	6282520	1	14.5037	.
1811	6282521	1	5.14938	.
1808	6281472	1	1.15205	.
1809	6281473	0	3.39266	.
1483	2458861	0	0	.
844	512483	0	52.7581	.
1185	822779	1	20.0595	.
1179	796635	1	4.03344	.
1711	4845068	0	0.541536	.
1615	3865885	0	0.303931	.
1712	4845069	0	0.81766	.
1614	3865884	0	2.21031	.
974	518017	1	48.5602	.
954	517060	1	72.8744	.
70	1213	0	36.5468	.
1770	5707664	1	1.5394	.
1738	5167110	0	0.903135	.
1769	5707650	1	9.06129	.
133	283306	1	0.551538	.
1737	5167095	0	25.1674	.
34	790	1	66.8473	.
1377	1801498	1	3.26691	.
1379	1801503	1	9.94196	.
635	502175	1	30.0954	.
1378	1801502	0	142.325	.
1376	1801497	0	20.6735	.
804	510359	0	116.211	.
253	439958	0	63.2494	.
1849	6391070	0	29.9808	.
1846	6388293	0	36.8786	.
1845	6388292	0	9.5775	.
1850	6391071	1	0.0601175	.
263	441352	0	14.6886	.
914	515581	1	166.55	.
158	285511	0	24.2782	.
2086	7101931	1	0.413345	.
444	483700	1	45.6979	.
1067	521442	1	15.1265	.
506	491222	1	4.59966	.
87	1446	0	190.033	.
113	246089	0	1.39444	.
576	498335	1	22.6376	.
1288	1372296	0	3.75628	.
876	513934	1	9.58335	.
1258	1182255	1	11.3632	.
99	1625	0	57.1134	.
687	505203	0	67.2677	.
9	422	0	343.795	.
2205	7440659	1	1.05291	.
1604	3763540	0	0	.
1503	2572019	1	11.0784	.
1654	4300395	1	32.1158	.
469	486034	0	0.551032	.
1655	4300423	1	19.5197	.
1502	2571991	0	3.9538	.
1287	1372273	1	18.8838	.
1286	1351938	1	14.694	.
1012	519353	1	17.9711	.
305	446305	0	11.4289	.
1497	2540252	1	2.84101	.
1373	1757075	1	3.23952	.
739	507592	0	95.1764	.
1034	520314	1	186.096	.
1789	6102198	1	1.66731	.
1790	6102199	1	3.32516	.
557	496353	0	8.91553	.
1786	5969227	1	7.45206	.
1785	5969226	1	0.195493	.
1924	6637037	0	0	.
1670	4453780	1	0.550709	.
1930	6654625	1	16.9002	.
1935	6661916	0	18.8618	.
1669	4453736	1	1.32169	.
641	502395	1	4.91262	.
1674	4545050	0	2.18364	.
603	500259	0	54.9881	.
649	503123	0	28.6682	.
346	467806	1	21.9172	.
211	377422	1	9.56981	.
60	1107	1	182.527	.
189	335704	0	6.12346	.
7	405	1	15.4063	.
1854	6413212	0	0.122508	.
1855	6413213	0	0.107787	.
1734	5042919	1	11.9854	.
1766	5661821	0	0.906263	.
1765	5661816	1	6.09292	.
679	504871	1	72.5162	.
578	498360	0	10.7489	.
3	350	0	82.1327	.
1547	3063830	1	0.0516798	.
1131	637851	0	42.4525	.
1130	637850	0	103.137	.
382	475306	0	18.9857	.
358	469912	0	41.2772	.
796	510108	1	32.9641	.
964	517564	1	0.808388	.
688	505227	1	8.21648	.
556	496338	0	12.1279	.
630	501898	0	54.5675	.
863	513455	0	111.05	.
519	492455	0	0	.
779	509408	0	25.0775	.
884	514526	1	21.6045	.
257	440936	0	55.4899	.
507	491231	1	39.047	.
889	514655	0	77.7101	.
771	508953	1	66.8906	.
747	507820	1	30.1089	.
1543	3011717	1	0.685329	.
944	516734	0	16.0199	.
67	1187	0	291.826	.
192	365879	0	4.00817	.
410	481650	0	3.38587	.
991	518424	0	6.11179	.
777	509167	0	19.3207	.
120	274963	0	24.8493	.
1467	2372889	1	9.25069	.
941	516392	1	346.71	.
205	376158	0	241.401	.
49	959	1	82.4153	.
434	483367	1	20.7598	.
1741	5294309	1	1.68145	.
1742	5294325	0	3.63533	.
1751	5490805	1	4.50159	.
1750	5490789	0	1.90015	.
437	483443	1	27.447	.
644	502839	1	53.1892	.
652	503191	1	106.317	.
768	508782	1	60.1398	.
168	294303	0	7.83675	.
969	517818	1	41.0001	.
442	483666	1	63.787	.
2035	7027479	0	0.606905	.
1945	6673685	0	74.3803	.
1946	6677082	0	72.5747	.
1947	6677101	0	75.4014	.
1944	6673666	0	82.8915	.
957	517255	0	28.0835	.
842	512433	0	21.0032	.
2168	7207776	0	5.97972	.
1562	3225018	0	2.31054	.
1563	3225019	0	0.858772	.
484	486759	1	127.201	.
438	483506	0	94.1154	.
317	449096	0	7.39627	.
285	444037	1	9.5536	.
666	504098	0	72.877	.
1162	716323	1	68.9607	.
1165	716383	0	10.8879	.
1163	716326	0	16.3594	.
972	517983	1	89.878	.
545	495511	1	47.2881	.
560	496381	0	306.707	.
225	428633	1	159.226	.
995	518510	1	1.85443	.
83	1369	0	9.74615	.
2080	7096684	1	2.99319	.
2081	7096686	1	2.47416	.
2045	7048476	0	7.68086	.
2046	7048744	0	32.3262	.
591	498809	1	220.883	.
1073	521723	0	72.4953	.
531	493471	1	2.95677	.
188	335677	1	25.6604	.
838	512198	1	19.0597	.
1861	6443170	0	25.8096	.
555	496284	0	37.7128	.
233	431742	0	43.5538	.
1093	539184	0	0.25228	.
686	505197	0	18.1239	.
473	486389	0	13.3118	.
429	483095	1	78.8902	.
151	284868	1	18.7125	.
526	493103	0	6.22575	.
1221	965763	1	6.93093	.
1216	965703	1	0.478332	.
1274	1290257	0	4.77816	.
1279	1290317	0	8.48341	.
278	443048	1	58.9154	.
146	284389	0	24.109	.
700	505735	1	58.5557	.
1872	6465677	0	19.1613	.
1893	6515470	0	12.9675	.
1894	6515471	0	13.8953	.
1871	6465676	0	18.13	.
109	228024	1	0.187972	.
1968	6758430	0	7.7183	.
1975	6793609	1	5.026	.
1754	5531096	0	0.942988	.
1756	5531100	0	0.764035	.
1755	5531098	0	0.0315783	.
1752	5531092	1	0.208559	.
1719	4938546	0	0.448873	.
1716	4938540	0	0.983262	.
1720	4938548	0	1.53432	.
1757	5531102	1	2.84824	.
1753	5531094	1	1.88598	.
1723	4941999	1	15.9041	.
1722	4941980	1	34.9752	.
748	507830	1	8.75709	.
1759	5562462	0	72.0501	.
1760	5562463	0	16.3314	.
1761	5562470	0	3.48904	.
1762	5562488	0	3.36123	.
1718	4938544	1	0.179474	.
1717	4938542	0	0.840567	.
1721	4938550	0	0.961571	.
1974	6793608	1	11.1731	.
1969	6758431	0	9.16303	.
1881	6503391	0	1.81759	.
1882	6503438	1	0.85044	.
1994	6906093	1	4.45854	.
483	486758	1	47.267	.
837	512087	0	16.5653	.
52	990	0	44.4448	.
1584	3418343	0	0.05133	.
613	500903	1	76.9727	.
51	984	1	389.159	.
271	442387	1	5.33297	.
392	478138	0	18.0739	.
422	482918	1	17.6518	.
1685	4604738	0	4.82494	.
1662	4345408	0	16.0584	.
1663	4345446	0	12.9175	.
568	497668	0	4.87802	.
22	549	1	47.1039	.
1627	4018364	0	0.000563063	.
1628	4018387	0	0.0653816	.
774	509034	1	0.970734	.
2014	6959958	1	5.07758	.
2026	6987681	0	8.87473	.
237	432611	1	52.5968	.
2020	6966025	0	163.586	.
2019	6966017	0	52.1338	.
2021	6966027	0	28.4525	.
171	295206	1	25.4476	.
2018	6966016	1	11.773	.
730	506957	1	33.4435	.
547	495665	1	19.5052	.
295	445887	0	41.2597	.
1356	1665344	1	19.3395	.
1355	1665340	1	8.4722	.
1856	6418720	0	0	.
806	510422	0	38.4989	.
691	505408	0	40.8257	.
511	491646	0	7.40273	.
316	448765	0	3.43705	.
1857	6418721	0	6.36019	.
1853	6406179	1	2.487	.
1852	6406178	0	0.118078	.
180	335390	1	6.6627	.
126	281937	1	11.4024	.
465	485592	0	3.04003	.
258	441034	0	78.1356	.
668	504155	1	28.1132	.
982	518267	0	2294.55	.
979	518245	1	2014.12	.
2189	7278149	1	7.40559	.
965	517588	1	120.169	.
73	1259	1	112.225	.
1536	2909639	0	0.682842	.
885	514530	1	34.4117	.
17	487	1	282.669	.
2088	7120803	0	24.8409	.
2089	7120805	0	0.933366	.
1311	1476353	1	6.05713	.
1310	1476343	1	169.183	.
416	482170	1	292.594	.
869	513804	0	153.192	.
677	504591	0	0	.
415	482094	0	0	.
565	497197	0	18.1453	.
315	448502	0	16.4764	.
848	512743	1	79.2768	.
1043	520572	1	20.1071	.
1119	632279	1	1.29843	.
75	1280	0	0	.
1505	2604758	1	1.5071	.
1504	2604668	1	1.5461	.
2164	7207473	1	3.3384	.
598	500118	1	36.8115	.
86	1431	1	3.57269	.
103	1660	0	134.569	.
1601	3710074	1	2.48309	.
1600	3710072	0	2.52963	.
1108	607086	0	0	.
1801	6210685	1	5.01301	.
1800	6210684	1	17.8653	.
106	1777	1	0.963398	.
102	1659	0	57.7896	.
137	283750	1	1.95906	.
1896	6535162	0	0	.
2002	6929233	1	1.44561	.
2001	6929120	1	0.861221	.
782	509460	1	250.714	.
574	498209	1	57.1664	.
925	515969	1	11.7726	.
720	506421	0	26.2259	.
175	317307	0	134.745	.
1072	521721	0	102.022	.
1490	2473707	0	7.73205	.
1625	3990473	0	13.6122	.
1626	3990478	0	5.73603	.
2092	7126103	1	2.09919	.
2138	7178220	0	5.85905	.
78	1285	0	28.4525	.
1329	1586672	1	0.149061	.
2155	7204975	0	1.0311	.
2154	7204974	0	29.5782	.
966	517703	1	341.335	.
251	439095	0	139.76	.
220	426692	0	31.8308	.
803	510295	0	19.6586	.
12	426	1	1720.41	.
1321	1529280	1	9.03473	.
2145	7183577	0	5.29181	.
2093	7127374	0	147.382	.
2094	7127375	0	143.659	.
763	508582	1	1.24407	.
1551	3124932	0	0.343107	.
1580	3405718	1	0.602318	.
1552	3124942	0	5.19207	.
1579	3405708	0	12.9187	.
605	500298	0	21.6265	.
127	282019	0	10.1104	.
1284	1350571	0	0	.
1978	6826279	1	0.187524	.
1318	1526742	0	93.4636	.
1319	1526743	0	76.4723	.
1037	520414	1	71.3327	.
1001	518722	0	198.346	.
91	1493	1	8.54798	.
1555	3158026	1	0.00271888	.
1384	1849579	0	0.0897713	.
1383	1841425	1	0.0897713	.
1176	791007	0	3.60423	.
1177	791191	1	21.4332	.
818	510971	0	0.680986	.
1175	791005	1	5.31512	.
963	517418	0	123.401	.
261	441162	1	43.6856	.
658	503467	0	30.4326	.
364	470318	0	51.4193	.
529	493381	0	136.872	.
321	452631	0	0	.
117	270306	1	0.428401	.
74	1261	0	60.1105	.
395	479339	1	28.2361	.
628	501708	1	13.5696	.
2048	7049779	0	28.0113	.
2047	7049777	0	14.2656	.
458	485237	0	9.33233	.
289	445642	1	8.80262	.
1540	2956738	0	59.2319	.
1541	2956742	0	90.183	.
847	512593	0	48.4833	.
238	433557	0	27.8799	.
2196	7324959	0	0.426503	.
2193	7322884	1	1.23918	.
2194	7322891	1	2.39816	.
2195	7324952	1	4.32849	.
198	368019	0	16.7841	.
532	493717	0	44.9021	.
515	492029	0	5.15965	.
150	284738	1	43.231	.
723	506589	1	36.5697	.
1708	4829472	0	3.94677	.
1692	4690153	1	24.0835	.
487	486874	0	34.132	.
456	485194	1	109.989	.
577	498336	1	136.659	.
1478	2440642	1	33.6834	.
1476	2440610	0	8.11182	.
1477	2440640	0	2.93669	.
376	474938	1	13.5483	.
1106	599010	0	49.7217	.
1107	599011	0	71.4169	.
835	511926	0	590.951	.
589	498679	0	633.81	.
478	486638	1	84.9218	.
928	516004	1	49.4519	.
968	517808	0	3.34784	.
1126	637328	1	2.62946	.
1129	637375	1	2.21247	.
1127	637329	1	1.66289	.
1123	636544	0	0.0648185	.
1122	636543	1	1.4631	.
372	472229	0	22.5171	.
69	1211	1	415.277	.
722	506539	0	419.294	.
1198	885190	0	3.29342	.
1197	885185	0	6.33303	.
1326	1570791	1	26.3567	.
1327	1570792	1	31.0837	.
998	518625	0	53.2811	.
1054	520831	0	36.2184	.
2166	7207662	0	276.832	.
2167	7207663	0	278.99	.
154	284988	0	0	.
1301	1444675	0	2.75191	.
1589	3604423	0	27.9059	.
232	431594	0	34.341	.
181	335434	1	14.1554	.
2107	7150753	0	2.48048	.
2112	7150893	0	9.44475	.
692	505434	1	152.107	.
541	494536	1	148.126	.
61	1125	0	51.4473	.
1236	1035633	0	1.96352	.
1237	1035651	1	1.16055	.
703	505830	0	1.32519	.
1399	1915865	0	1.92203	.
1526	2756849	1	2.38462	.
892	514756	0	19.7693	.
618	501004	0	8.35936	.
617	500994	1	9.92443	.
1062	521130	1	12.4277	.
1611	3784640	1	1.09834	.
1610	3784614	1	0.599489	.
35	797	0	0	.
1266	1233236	0	0	.
2207	7461061	0	6.11907	.
761	508477	0	86.187	.
725	506662	1	85.4581	.
1006	519082	0	71.318	.
872	513859	1	23.6185	.
1561	3176871	1	4.01746	.
1620	3940788	0	5.30368	.
1560	3176870	0	3.73041	.
1815	6307742	0	32.1122	.
1816	6307744	0	25.2223	.
625	501401	0	14.4325	.
343	465456	1	19.8383	.
993	518458	1	148.121	.
1158	704201	1	8.51732	.
1157	704200	1	11.0631	.
608	500621	1	18.4984	.
685	505182	1	7.55107	.
770	508837	1	6.77483	.
683	505172	1	2.93175	.
611	500721	0	21.0267	.
101	1642	0	69.2462	.
1008	519147	0	77.6273	.
1019	519592	0	36.2797	.
1413	2005553	1	9.59704	.
776	509049	0	68.4235	.
1890	6513655	0	0.947286	.
193	365933	0	0.255412	.
1693	4713058	0	4.40253	.
1703	4792387	0	2.78918	.
270	442228	0	24.5665	.
170	294692	0	13.6812	.
1267	1233239	0	6.00975	.
1412	2005552	0	2.70398	.
612	500824	0	0.462918	.
817	510950	1	11.3274	.
602	500237	1	1.10197	.
85	1418	0	112.649	.
339	464427	1	10.211	.
1985	6845790	0	2.36973	.
26	617	1	34.952	.
21	541	1	72.2988	.
1473	2406587	0	0.471247	.
1471	2406580	0	1.09504	.
1469	2406573	0	0.825209	.
1460	2363380	1	0.161713	.
1463	2363392	1	0.600585	.
1472	2406585	1	0.925211	.
1461	2363385	0	3.49689	.
379	475277	1	56.3933	.
313	448239	0	92.261	.
451	484749	1	102.074	.
911	515472	0	14.6894	.
1594	3650793	0	18.6273	.
1593	3650792	0	7.77431	.
987	518338	1	86.2439	.
1017	519565	1	41.9339	.
619	501075	1	119.918	.
1030	520242	0	67.6584	.
375	474891	1	94.3309	.
1862	6446064	0	21.1698	.
1863	6446067	0	1.3362	.
1694	4713059	1	5.20826	.
1702	4792386	1	4.3606	.
1208	930115	1	0.566697	.
1203	924828	1	16.904	.
340	464891	1	1.43222	.
1204	924829	1	4.02582	.
1210	930121	1	3.14624	.
1209	930116	0	1.84115	.
1205	924830	1	2.71411	.
1207	930114	1	0.92284	.
1206	924834	1	2.01867	.
811	510736	1	79.5487	.
996	518573	0	51.8422	.
999	518632	0	15.4279	.
1437	2201871	0	0.432128	.
454	484816	0	21.8995	.
418	482293	0	50.474	.
455	485152	0	252.494	.
1807	6278375	1	8.25591	.
1806	6278374	0	17.3363	.
820	511024	0	36.2532	.
105	1747	1	133.474	.
349	469377	0	23.2406	.
741	507628	0	32.2041	.
1494	2523175	1	1.29429	.
1998	6926626	1	2.5211	.
1840	6380206	1	64.2554	.
124	277829	1	26.8705	.
1841	6380209	0	17.6002	.
1842	6380211	0	18.1417	.
2034	7012314	0	0.539741	.
693	505450	1	71.2411	.
184	335493	1	288.161	.
958	517263	0	265.311	.
852	513033	0	24.0439	.
743	507679	1	33.1369	.
653	503250	1	22.2315	.
2159	7206827	1	30.1284	.
2160	7207222	1	3.04969	.
2124	7158995	0	16.6703	.
2121	7158105	1	1.95348	.
2123	7158994	1	12.9382	.
2120	7158104	0	25.3447	.
956	517231	1	368.391	.
299	446160	1	0.657134	.
268	441714	1	8.30534	.
282	443854	0	0.529355	.
307	446654	0	34.3301	.
498	489802	0	6.06148	.
1591	3615458	1	1.79509	.
1599	3709703	1	14.0207	.
1590	3615455	0	16.788	.
797	510138	0	30.8002	.
1643	4176739	0	23.9757	.
801	510266	0	0.110351	.
1642	4176738	0	15.9033	.
943	516658	0	41.6265	.
31	766	1	200.549	.
788	509878	1	42.6142	.
221	426714	0	6.9086	.
810	510681	1	113.659	.
832	511654	1	166.776	.
1977	6803031	1	0.203691	.
486	486786	1	0.238993	.
1976	6803030	0	7.21208	.
2004	6933243	0	7.19653	.
1307	1464460	1	21.6207	.
588	498550	1	95.6354	.
1035	520317	1	306.946	.
323	456333	0	54.7334	.
1714	4904192	1	24.1751	.
267	441674	1	7.85084	.
1715	4904194	1	1.28875	.
1791	6161080	1	0.546547	.
84	1415	0	859.284	.
983	518276	1	374.482	.
1324	1541161	0	1.81752	.
1316	1516856	0	9.85344	.
1317	1516860	0	5.52747	.
1323	1541158	0	4.99509	.
523	492479	1	17.1951	.
1023	520015	1	15.5432	.
1159	708389	0	0.723213	.
1160	708392	0	2.04782	.
1905	6546125	0	0.489825	.
398	480431	1	28.0471	.
865	513493	0	299.478	.
354	469604	0	172.411	.
1095	567900	0	22.0958	.
1096	567901	0	115.183	.
381	475305	0	78.2365	.
1040	520486	0	22.0397	.
1537	2911354	1	6.27581	.
1619	3924288	1	42.9835	.
948	516893	1	94.7404	.
918	515822	0	63.9491	.
472	486356	1	105.4	.
2122	7158184	1	52.6553	.
2125	7159040	1	23.2963	.
2126	7159080	0	5.14947	.
1220	965761	1	12.6129	.
1275	1290264	1	9.62377	.
1272	1290245	1	0.617379	.
426	483055	1	8.15408	.
851	512807	1	264.428	.
412	481782	1	423.555	.
573	498060	0	145.844	.
1695	4725878	1	11.0168	.
1689	4667014	1	7.12228	.
1259	1201334	1	4.74189	.
636	502208	1	48.6106	.
378	475219	1	58.1847	.
1937	6666987	1	3.21849	.
952	517036	0	99.8086	.
623	501242	1	22.782	.
1004	518987	0	42.0867	.
1609	3780895	0	0	.
1993	6898721	1	2.50894	.
351	469419	0	3.48964	.
1992	6898719	1	3.84257	.
191	365151	1	60.6221	.
840	512229	0	6.03331	.
1192	866972	1	22.688	.
1193	866996	1	4.66026	.
1194	866997	0	0.21328	.
1812	6294709	0	9.72597	.
583	498387	1	143.838	.
698	505724	1	133.218	.
138	283772	1	6.95671	.
2023	6976793	1	7.12535	.
2067	7072247	1	6.37469	.
1341	1650244	1	6.11253	.
1393	1906501	1	1.99841	.
1087	522180	0	137.037	.
553	496266	1	375.594	.
1042	520533	1	577.527	.
20	537	1	115.629	.
1200	896411	1	23.065	.
1202	920407	0	13.8563	.
1201	920406	0	20.8229	.
1199	896410	1	35.0494	.
298	446126	1	2.65674	.
45	938	1	55.7464	.
115	269835	0	13.5849	.
172	299540	1	0.274231	.
259	441125	0	20.392	.
1033	520298	0	19.1243	.
1061	521118	0	10.8708	.
2039	7035549	1	1.78716	.
2075	7085817	1	9.24695	.
1076	521807	1	56.3165	.
800	510241	0	60.0567	.
420	482790	1	9.08142	.
2146	7195145	1	217.89	.
2147	7195152	1	199.765	.
2057	7065522	0	34.9227	.
2049	7053026	0	28.0851	.
2050	7053035	0	34.4889	.
2058	7065531	0	39.5284	.
839	512226	0	59.0635	.
654	503268	1	45.7646	.
563	496560	1	40.9877	.
518	492398	1	83.948	.
1781	5935209	1	24.4687	.
1730	5011022	1	39.2427	.
846	512555	1	23.9615	.
63	1135	1	790.599	.
234	431745	0	4.23295	.
1778	5891884	0	1.70575	.
2182	7261709	0	16.5248	.
2177	7261524	1	6.57856	.
2187	7262833	0	14.7896	.
2188	7262839	0	17.8354	.
2179	7261580	1	3.215	.
2180	7261587	1	2.12893	.
2185	7262712	1	10.8617	.
2178	7261525	0	13.407	.
2183	7262654	1	7.60339	.
718	506395	1	7.02424	.
2184	7262655	1	21.9774	.
2186	7262718	0	27.0232	.
2181	7261702	1	8.47571	.
394	478714	0	1.25391	.
2131	7165725	1	21.4239	.
2130	7165724	1	16.4405	.
699	505725	0	131.904	.
584	498445	0	61.5678	.
1995	6906805	0	5.72266	.
350	469383	0	20.7051	.
544	495374	0	94.3207	.
1875	6472613	1	2.2202	.
1290	1391699	1	12.949	.
326	459457	1	7.29396	.
1289	1391698	0	17.0656	.
781	509432	1	1.04417	.
1697	4743976	0	0	.
2174	7214517	0	18.5207	.
98	1583	1	36.8332	.
764	508593	1	12.1237	.
1632	4053418	0	0	.
945	516736	0	0	.
1481	2450621	0	1.88395	.
1466	2372833	1	13.251	.
306	446611	1	1.64291	.
1482	2450677	1	5.3385	.
1724	4952242	1	5.68612	.
1725	4952243	1	12.4328	.
249	438668	1	0.302662	.
1763	5615740	1	18.3677	.
1764	5615741	1	6.982	.
990	518405	1	9.22177	.
164	286929	1	3.63882	.
864	513466	1	179.763	.
304	446278	1	101.455	.
1027	520197	1	48.4423	.
1161	716265	1	0.491813	.
1558	3169190	1	20.6397	.
1385	1859138	0	17.3646	.
1386	1859166	0	13.4493	.
1559	3169218	1	10.6043	.
875	513930	0	17.3201	.
335	463953	1	70.1717	.
1380	1805594	1	6.71214	.
2003	6933242	1	5.56247	.
362	470287	0	23.694	.
827	511267	0	16.0932	.
1859	6430024	1	7.1495	.
1860	6430025	0	10.0864	.
1352	1658677	0	10.7444	.
1353	1658679	1	18.5642	.
1350	1658664	1	14.218	.
1351	1658666	0	15.0548	.
1997	6921678	0	12.7742	.
822	511114	1	7.18064	.
809	510670	0	6.63104	.
709	506084	1	352.433	.
262	441342	0	189.802	.
539	494354	0	18.6212	.
1089	522246	0	13.0879	.
1429	2113480	1	0.281352	.
933	516168	1	4.78977	.
597	500005	1	14.1438	.
1231	1021960	0	41.1665	.
403	481114	0	142.793	.
468	485868	0	166.54	.
1233	1021963	1	11.8807	.
1235	1021965	0	117.355	.
1232	1021962	0	88.621	.
850	512752	1	0.173109	.
2175	7218304	0	8.67407	.
2176	7218305	0	4.9297	.
1824	6330576	1	77.9194	.
1825	6330578	0	89.2148	.
1826	6330579	1	96.9721	.
1049	520771	0	54.8299	.
672	504295	0	8.91182	.
1195	877914	1	52.7967	.
882	514252	1	360.982	.
135	283598	0	13.8338	.
136	283657	0	0	.
1915	6582345	0	49.489	.
1057	520908	1	6.42794	.
1914	6582344	0	37.5599	.
1916	6582346	0	13.7968	.
1917	6582347	1	1.74637	.
1963	6715317	1	39.9308	.
24	608	0	72.9147	.
204	375780	1	5.74976	.
374	474663	0	103.603	.
1070	521698	1	54.9291	.
450	484673	1	14.5372	.
1635	4105088	1	0.164303	.
439	483509	0	0	.
1878	6489886	1	14.2341	.
891	514703	0	20.5194	.
443	483671	0	10.1302	.
626	501527	0	20.4183	.
479	486679	1	124.158	.
2056	7064933	1	5.66554	.
1147	685848	1	23.0914	.
1146	685847	1	34.7739	.
1145	685846	1	47.1909	.
1148	685849	1	32.4564	.
540	494377	0	0.726967	.
44	911	0	10.7931	.
1539	2947405	1	0.0031258	.
1111	613208	0	12.1295	.
1109	613206	0	22.3107	.
543	495322	0	42.7159	.
130	282755	1	61.8711	.
1058	520942	1	1.8236	.
1940	6667010	1	12.1324	.
1941	6667013	0	10.5981	.
1939	6667006	1	6.83972	.
1938	6667004	0	2.75326	.
621	501202	1	2.44131	.
2165	7207475	0	0.952652	.
2162	7207470	1	0.214223	.
57	1078	0	39.6553	.
1744	5324407	1	1.93713	.
1745	5324422	1	0.0526233	.
1767	5676666	1	0.223884	.
756	508294	0	10.3256	.
190	355467	1	78.3053	.
530	493452	1	26.7388	.
1671	4520835	0	0.0271743	.
276	442965	1	128.217	.
917	515686	1	119.655	.
660	503511	0	67.5238	.
661	503516	1	102.017	.
1955	6689990	0	0.445107	.
1956	6689991	1	2.92874	.
1957	6689993	1	7.68269	.
2000	6926726	1	4.02707	.
1920	6604696	1	3.04787	.
1921	6604730	0	4.05195	.
1999	6926692	0	3.67373	.
923	515947	0	55.2908	.
494	487790	0	3.55207	.
696	505691	1	71.3678	.
435	483400	1	128.006	.
550	495970	1	159.109	.
1330	1586679	0	0.0640931	.
2105	7150748	0	2.25037	.
855	513118	1	50.7175	.
399	480519	0	35.1767	.
1011	519271	1	119.341	.
1028	520213	0	6.29135	.
1150	685873	1	14.0988	.
1149	685854	0	0.945382	.
920	515862	0	55.3968	.
2085	7101785	1	61.2639	.
2084	7101784	1	18.1004	.
1223	966289	1	29.4703	.
551	495986	0	53.9245	.
769	508830	0	39.9043	.
975	518025	1	22.1713	.
1005	519043	1	44.0678	.
913	515524	0	35.5177	.
2204	7410422	0	62.578	.
2203	7410417	0	53.3422	.
731	506985	0	39.0846	.
357	469794	0	221.633	.
877	513970	0	127.628	.
1442	2224001	1	14.1824	.
1687	4651091	0	4.66991	.
1688	4651108	1	7.35191	.
1443	2224018	1	4.03959	.
1375	1797429	0	0	.
1398	1915864	0	0	.
1883	6506574	0	25.2214	.
988	518339	1	23.848	.
293	445816	0	3.95435	.
862	513385	1	107.447	.
740	507594	1	159.206	.
1673	4542029	0	4.87789	.
562	496551	0	19.5518	.
1672	4542028	0	26.882	.
490	487168	1	149.751	.
1039	520464	1	388.469	.
303	446264	0	44.4161	.
100	1636	1	2.74902	.
344	466551	0	22.2776	.
759	508412	1	138.374	.
8	410	0	382.119	.
54	1012	1	1158.63	.
1631	4052390	1	33.077	.
1621	3952019	1	26.5092	.
1630	4052361	0	62.0214	.
1622	3952048	0	69.2015	.
1410	2004416	1	5.24019	.
1411	2004444	1	5.19326	.
930	516100	1	38.9859	.
356	469742	0	79.5654	.
207	376653	0	3.44844	.
1986	6845791	1	15.4407	.
1666	4428121	0	0	.
1779	5934690	1	4.54472	.
1729	5001267	0	7.62776	.
1728	5001266	1	4.49992	.
1780	5934691	0	12.8327	.
401	480985	1	6.22359	.
2078	7088758	0	24.7721	.
2077	7088576	0	9.04484	.
1071	521702	1	42.7921	.
601	500232	1	60.5543	.
1876	6477518	0	1.30258	.
549	495796	1	7.49133	.
1003	518839	0	80.7091	.
829	511333	1	7.19043	.
638	502278	1	221.487	.
1404	1974582	0	17.7874	.
1405	1974583	1	6.82011	.
695	505688	1	158.146	.
400	480648	0	0.371336	.
905	515186	1	82.6116	.
1531	2859224	0	42.0999	.
1346	1650745	0	35.2323	.
1345	1650744	0	12.5711	.
1532	2859225	0	44.1617	.
992	518425	0	16.2848	.
798	510165	1	54.9771	.
786	509747	1	29.2403	.
384	475657	1	0.535951	.
2064	7067385	0	7.59288	.
2059	7065534	0	8.72318	.
2060	7065535	0	0.756185	.
2063	7067384	1	5.36634	.
908	515263	1	2.82273	.
989	518361	1	9.80336	.
256	440862	0	76.8031	.
579	498362	1	3.49736	.
1169	733979	0	0	.
310	446697	0	1.08212	.
92	1502	0	108.341	.
590	498705	0	1.84269	.
223	427630	1	36.3626	.
535	493876	0	10.3177	.
1439	2204865	0	14.1803	.
1449	2263099	1	0.364191	.
643	502805	0	53.2492	.
994	518493	0	13.9509	.
1114	617459	0	86.9873	.
1113	617386	0	115.814	.
926	515996	1	1.28281	.
717	506393	0	109.353	.
1746	5344177	0	1.22834	.
674	504344	0	87.3936	.
112	245397	1	49.6308	.
248	438646	1	14.0633	.
132	283112	1	154.693	.
841	512320	1	82.6796	.
2055	7064679	1	0.00809596	.
10	424	1	2.48651	.
2163	7207471	1	15.1015	.
23	561	1	35.7372	.
596	499764	1	26.9599	.
620	501117	0	37.3477	.
1063	521367	1	33.1626	.
1078	521963	0	17.244	.
1059	521023	1	0.701124	.
30	717	0	663.706	.
273	442578	1	83.8428	.
148	284527	0	69.3907	.
637	502237	0	86.2013	.
1	199	0	128.053	.
2	209	0	260.723	.
985	518315	0	31.6289	.
1068	521472	0	91.3335	.
1021	519844	1	152.729	.
708	506054	1	266.873	.
1053	520827	1	200.86	.
1270	1242496	1	11.7396	.
94	1565	0	0	.
1965	6731549	0	1.49958	.
365	470374	1	0.699771	.
1966	6731555	0	8.66761	.
1960	6703799	0	7.90536	.
174	302577	0	1.12002	.
1046	520585	0	42.5702	.
673	504338	0	52.5961	.
1295	1423452	1	11.6148	.
1299	1444280	0	49.2029	.
1296	1423487	0	34.2901	.
1300	1444315	1	8.11035	.
1257	1182254	1	1.73465	.
1260	1201335	0	8.78861	.
614	500958	0	39.8975	.
1048	520718	0	174.002	.
704	505842	0	0	.
327	461365	1	116.337	.
231	431588	1	120.479	.
196	366452	0	12.9873	.
292	445793	0	3.60722	.
13	433	0	86.4386	.
2132	7169380	1	13.4649	.
290	445648	0	19.0572	.
464	485526	1	11.5605	.
794	510086	1	37.6821	.
461	485367	0	88.5585	.
967	517786	1	52.1213	.
1639	4151161	1	9.12841	.
1641	4174509	1	1.96233	.
1640	4174440	1	1.76556	.
1638	4151092	1	0.119494	.
1189	836357	0	0	.
1365	1678165	0	0	.
1366	1678257	0	2.89321	.
1304	1462291	0	3.13009	.
1305	1462383	0	0.0757941	.
2068	7076655	1	33.846	.
2071	7076669	1	6.31384	.
2070	7076663	0	4.89796	.
2069	7076660	0	25.7873	.
1313	1478575	1	17.1936	.
1312	1478569	1	102.371	.
505	491119	0	165.57	.
408	481579	0	381.99	.
599	500126	0	105.725	.
1922	6620214	0	0.339171	.
1238	1050934	0	0	.
1796	6180278	0	0.909634	.
1799	6180957	1	10.0566	.
28	684	1	12.3485	.
1798	6180956	0	3.86384	.
1797	6180279	1	1.28031	.
2074	7085813	0	0	.
2098	7131072	1	83.1964	.
2097	7130912	1	92.651	.
499	490664	1	412.059	.
627	501595	1	488.666	.
633	502145	0	179.01	.
795	510102	1	103.45	.
29	707	0	67.6468	.
1962	6707005	1	72.4222	.
2061	7065782	1	36.0566	.
1961	6706996	0	33.6968	.
2062	7065791	0	39.7726	.
1470	2406575	1	0.339839	.
1462	2363387	0	0.0676092	.
1474	2406592	1	0.906019	.
1523	2749855	0	2.9692	.
558	496369	0	53.3136	.
1010	519248	1	68.3943	.
512	491649	1	49.9403	.
165	291208	0	100.995	.
1623	3975900	0	2.74068	.
1624	3975901	0	0.636077	.
1633	4093554	0	0.24191	.
1990	6883685	0	1.48542	.
1988	6875115	0	9.53004	.
1991	6883691	1	6.17009	.
1069	521573	1	4.15353	.
14	446	0	443.905	.
1835	6362515	1	7.52659	.
592	498818	0	40.1521	.
640	502356	0	128.647	.
971	517897	1	14.7974	.
1573	3370648	1	44.8227	.
1829	6350628	0	33.6697	.
1831	6350734	0	2.42113	.
2052	7058839	1	2.63885	.
2051	7058758	0	1.97689	.
2082	7097918	0	4.20716	.
2083	7097999	0	4.50573	.
2073	7081786	1	24.6121	.
497	489792	1	1.80416	.
2072	7081682	0	122.512	.
634	502170	1	354.896	.
284	444011	1	65.7304	.
610	500710	1	15.051	.
937	516268	0	0	.
1431	2160155	0	29.6802	.
1447	2225957	0	29.6679	.
1434	2160169	1	9.24351	.
1432	2160156	0	9.59086	.
1444	2225943	1	1.01114	.
793	510067	1	374.074	.
1009	519208	0	20.9942	.
1817	6311603	1	1.3596	.
714	506271	1	8.81193	.
522	492476	1	391.411	.
899	515017	1	533.689	.
932	516150	1	149.278	.
1515	2733103	0	35.4677	.
1514	2733097	0	1.29591	.
919	515856	0	0	.
201	372487	0	75.7028	.
1016	519558	0	99.4132	.
868	513736	0	122.443	.
266	441666	1	14.3551	.
949	516938	1	123.985	.
195	366434	0	47.6401	.
1612	3786238	0	9.02787	.
308	446659	0	71.7306	.
860	513358	1	138.79	.
1598	3654991	0	64.4665	.
367	470807	1	50.9208	.
924	515957	0	2.24332	.
1987	6864205	1	0.426494	.
1283	1320891	1	1.85377	.
411	481755	1	3.37863	.
332	463371	0	1.79662	.
1081	522012	1	22.336	.
40	848	1	19.2479	.
755	508289	1	1.52422	.
466	485610	0	6.6585	.
853	513064	1	42.1239	.
572	498040	1	44.1764	.
39	838	1	123.411	.
1038	520427	1	62.446	.
68	1199	0	42.6651	.
1818	6311653	0	0.109674	.
462	485439	1	135.666	.
939	516297	0	212.131	.
297	446124	1	42.851	.
1981	6838457	1	0.527705	.
242	435975	0	0.518798	.
1828	6342036	1	3.34846	.
826	511164	0	55.4263	.
509	491330	1	26.2343	.
159	285520	1	17.9259	.
2033	7010943	1	16.7129	.
706	505875	0	3.35907	.
2032	7010942	0	14.8711	.
2031	7010941	0	19.0158	.
1839	6373237	1	0.501645	.
250	438754	0	1.3044	.
155	285054	1	17.2947	.
481	486719	0	6.50032	.
243	436541	0	4.89728	.
167	294151	1	73.2936	.
922	515914	1	0.0435192	.
881	514113	1	79.1662	.
787	509792	0	48.4757	.
1507	2636123	0	17.2544	.
716	506371	1	17.088	.
929	516085	1	32.0995	.
37	823	1	773.486	.
55	1038	1	226.512	.
128	282070	0	0.795225	.
402	481050	0	3.29517	.
123	277517	1	2.60934	.
489	486922	1	182.684	.
122	276750	0	21.3367	.
390	476067	0	190.308	.
746	507724	1	92.0245	.
183	335484	0	76.3065	.
230	431555	1	61.7682	.
760	508468	1	4.15905	.
912	515473	0	41.5762	.
2113	7150894	0	0.217689	.
2114	7150899	0	5.17124	.
2108	7150754	0	4.31142	.
1480	2446136	1	12.6877	.
823	511130	1	70.8938	.
927	515998	1	152.018	.
157	285464	1	34.0105	.
246	438468	1	10.4384	.
878	514033	1	28.1225	.
33	780	1	13.4447	.
1083	522063	0	3.01904	.
389	476015	0	2.19113	.
369	472198	1	21.6522	.
1181	813297	0	18.8453	.
570	497985	0	25.236	.
25	609	1	275.743	.
1368	1690322	0	3.38539	.
727	506924	0	2.76693	.
901	515024	0	115.683	.
247	438607	1	74.9988	.
1522	2749853	0	40.5474	.
1698	4774690	0	23.417	.
1521	2749851	1	24.231	.
1699	4774692	1	31.2014	.
1553	3140810	0	0	.
1984	6842801	0	46.3234	.
48	947	0	95.1181	.
961	517402	1	10.445	.
1468	2395592	0	44.2628	.
1740	5280812	0	3.53571	.
751	507999	0	15.4811	.
1748	5407934	1	0.23097	.
1771	5791311	1	0.145055	.
1772	5791316	1	3.83537	.
1747	5407929	1	4.83492	.
428	483074	0	29.7042	.
427	483072	0	28.8105	.
1936	6662011	0	11.3234	.
1931	6654719	1	13.4552	.
896	514832	0	110.385	.
833	511772	1	96.9374	.
1479	2446038	1	1.73858	.
2109	7150759	0	2.45425	.
1501	2551772	0	7.06814	.
1367	1690312	0	7.15909	.
1651	4225102	0	0.0546043	.
1025	520166	1	69.0936	.
524	492617	0	0.0426875	.
352	469539	1	138.281	.
423	482998	0	208.81	.
1349	1657995	0	2.68594	.
1358	1669676	0	2.98847	.
1348	1657992	1	1.73441	.
1347	1657985	0	7.38096	.
1360	1669686	0	1.37796	.
1359	1669679	0	6.2962	.
448	484642	0	1.14494	.
440	483643	1	1.57688	.
874	513929	1	2.92463	.
757	508295	1	124.099	.
200	372430	0	24.2856	.
342	465336	1	150.505	.
371	472219	0	30.4246	.
1100	580697	0	0.087912	.
1097	580660	0	6.77805	.
1099	580696	1	3.18158	.
1098	580661	0	2.37977	.
182	335450	1	2.3016	.
1516	2744379	0	6.94637	.
1603	3729023	0	3.72282	.
1585	3580556	1	10.8504	.
1602	3729022	1	24.1385	.
1586	3580557	0	24.3335	.
1417	2033934	1	4.53314	.
1517	2744381	0	0.682997	.
1419	2033953	0	1.56375	.
1518	2744397	0	0.187065	.
1420	2033955	1	1.77541	.
1172	749088	1	0.0270697	.
333	463537	1	3.59063	.
76	1281	0	388.415	.
88	1456	0	129.709	.
831	511625	0	1.24697	.
1105	594850	1	2.38934	.
1104	594808	1	20.6722	.
1138	680569	0	2.35696	.
1178	795141	1	2.35696	.
1923	6632861	0	0.0492409	.
1085	522138	0	65.6973	.
705	505851	1	16.0852	.
1256	1151672	0	13.8976	.
1608	3779795	0	1.18068	.
1607	3779794	0	3.30351	.
1592	3623443	1	11.9436	.
680	504988	0	6.03944	.
2096	7130759	0	72.7427	.
264	441532	1	0.989379	.
2095	7130758	0	97.1295	.
737	507396	0	34.015	.
407	481517	0	33.9862	.
1660	4336952	0	23.8453	.
1661	4336953	0	13.062	.
224	427730	0	11.2635	.
938	516285	0	16.6014	.
373	472247	1	18.2848	.
676	504504	1	115.488	.
789	509957	1	193.477	.
2169	7210549	0	27.0822	.
388	476005	1	89.9822	.
393	478630	0	4.94404	.
208	377006	0	0.800569	.
90	1475	0	172.895	.
845	512484	0	196.75	.
1877	6489848	1	1.82712	.
1858	6427050	1	2.51586	.
587	498510	1	25.4066	.
772	508990	1	107.086	.
139	283808	0	44.3937	.
2172	7212657	1	57.7172	.
2171	7212655	1	26.0505	.
383	475376	0	166.712	.
145	284304	0	305.573	.
667	504143	1	158.079	.
1493	2523151	1	16.9691	.
675	504404	0	10.8603	.
71	1216	0	25.2139	.
1681	4577177	1	13.8008	.
1679	4577172	0	2.53648	.
1656	4330190	0	14.3033	.
1659	4330250	0	15.7	.
1682	4577232	0	18.4623	.
1657	4330191	0	14.4506	.
1680	4577173	0	1.47761	.
1658	4330195	1	7.83608	.
1116	627571	0	29.4896	.
1115	627569	1	4.63956	.
514	492022	0	56.8575	.
1495	2534676	1	8.61304	.
1511	2671754	0	6.5385	.
1496	2534677	0	15.2301	.
1512	2671755	1	10.474	.
946	516769	0	141.895	.
1709	4829953	1	2.13867	.
1576	3395238	1	0.4697	.
1710	4829955	0	1.60563	.
1575	3395236	0	3.53362	.
554	496273	1	53.0917	.
363	470316	0	29.5668	.
1110	613207	1	12.4973	.
980	518246	0	7.55961	.
1112	613209	1	5.73441	.
1954	6688162	0	22.5406	.
1934	6660906	1	16.2487	.
1933	6660904	1	12.8278	.
1953	6688160	0	13.7323	.
178	335345	0	127.72	.
187	335566	0	159.816	.
1912	6581884	0	0	.
218	378676	1	1.82137	.
166	293520	1	40.9364	.
18	517	1	10.2591	.
1913	6582234	0	11.7275	.
2043	7043838	0	0	.
1707	4818062	1	0.958305	.
1464	2363751	1	0.886361	.
1581	3418337	0	8.18206	.
821	511108	0	38.0729	.
1706	4818059	1	8.85651	.
1465	2363754	0	0.523216	.
689	505395	0	190.104	.
678	504597	1	252.774	.
2044	7044188	0	60.3531	.
2102	7135093	0	2.35062	.
765	508631	0	7.54472	.
129	282491	1	9.6068	.
1182	815755	0	0.625713	.
341	465023	0	48.8886	.
131	282765	0	41.614	.
582	498377	0	11.5166	.
728	506929	0	2.1237	.
1492	2515793	1	4.49162	.
778	509171	1	69.7159	.
134	283538	0	24.4842	.
141	283926	0	0	.
152	284900	0	0	.
1141	685414	1	33.0404	.
897	514926	1	143.864	.
525	493000	1	55.3437	.
162	285643	0	2.87172	.
1164	716380	0	0	.
1814	6301188	0	1.80047	.
1813	6300924	0	90.2705	.
1077	521950	1	113.535	.
209	377079	1	83.059	.
655	503285	1	41.5988	.
210	377392	0	81.9114	.
664	504048	0	130.67	.
1649	4185890	0	14.3992	.
1648	4185887	1	2.54115	.
1646	4185841	1	4.53348	.
217	378570	0	0	.
682	505165	1	0.272523	.
370	472199	0	48.121	.
222	426889	0	53.4334	.
1458	2363373	1	1.02711	.
1459	2363375	0	0.676701	.
1972	6786840	1	0.241133	.
1973	6786841	0	17.5733	.
1964	6717476	0	23.277	.
790	510022	0	22.3025	.
227	431331	1	1.37724	.
338	464185	0	19.931	.
229	431433	0	38.4142	.
1926	6644813	0	16.6424	.
1866	6454074	0	19.56	.
1867	6454075	0	18.4199	.
1925	6644812	0	19.1081	.
235	431947	0	0	.
564	497084	1	9.90427	.
244	437680	0	71.9937	.
867	513637	1	214.676	.
1967	6733170	1	15.4885	.
1959	6696364	1	14.3885	.
1170	744387	1	9.87656	.
1171	744433	1	27.6581	.
1958	6696318	1	31.4245	.
1271	1290244	0	0.727226	.
1276	1290304	0	13.824	.
1213	965690	1	17.0185	.
1218	965750	0	0.167054	.
749	507960	1	8.21721	.
254	440706	0	35.4249	.
805	510400	0	41.2796	.
269	441738	0	38.5155	.
419	482662	1	70.0216	.
279	443411	0	37.142	.
1281	1306546	0	3.16889	.
1251	1100502	1	6.36017	.
1282	1306547	1	8.35434	.
1252	1100503	0	6.75657	.
894	514795	1	64.3175	.
883	514371	1	189.48	.
280	443638	0	12.8653	.
283	443866	0	0	.
1125	636589	0	0	.
1983	6842786	0	5.80408	.
1982	6842722	0	24.8117	.
813	510865	0	35.3555	.
647	503097	1	25.3589	.
286	444147	0	5.84234	.
900	515020	0	72.1005	.
291	445778	0	48.8028	.
1830	6350641	0	1.32215	.
1574	3370742	1	18.7769	.
1929	6650883	0	5.31036	.
1928	6650880	0	5.02318	.
1949	6680966	0	3.19963	.
348	468817	0	2.11247	.
1948	6680963	0	6.75006	.
1075	521745	1	32.2468	.
656	503355	0	9.11056	.
361	470280	0	79.3265	.
986	518329	0	189.836	.
391	476079	0	0	.
1650	4185947	0	0	.
2208	7473446	0	38.014	.
2209	7473447	0	91.1296	.
997	518575	0	53.6412	.
425	483053	0	1.58445	.
1302	1444701	1	2.06118	.
1588	3604397	0	3.00344	.
1418	2033936	1	0.102166	.
976	518102	1	28.7827	.
516	492063	0	46.8267	.
1832	6352017	1	1.06269	.
1827	6334732	1	1.41441	.
1773	5817584	1	0.418168	.
1774	5817585	0	0.75348	.
1743	5303228	1	1.99979	.
651	503135	1	5.93656	.
1570	3262374	0	0	.
1572	3262379	0	0.25904	.
783	509609	1	62.4226	.
657	503412	0	28.3456	.
1822	6312098	1	56.8684	.
1819	6312092	1	56.8178	.
1821	6312096	1	34.0063	.
1820	6312094	1	31.7015	.
1032	520259	0	86.8604	.
710	506095	0	75.2203	.
762	508498	0	0	.
1564	3227418	0	1.60166	.
1133	657395	0	3.0898	.
1132	657378	0	4.25427	.
1565	3227435	0	2.80014	.
1166	723003	1	35.7057	.
1152	687363	0	4.36371	.
1151	687310	1	4.7238	.
1167	732261	0	0	.
1191	850814	0	0	.
1255	1142762	0	0	.
1298	1427441	1	1.01232	.
1297	1427440	1	0.974998	.
1340	1625528	0	0	.
1374	1773625	0	0	.
1438	2204860	0	0	.
1448	2263094	0	0	.
1528	2808715	0	0	.
1533	2861225	0	0	.
1554	3157997	0	0.369002	.
1549	3077644	0	0.435644	.
1550	3119098	0	0	.
1583	3418342	0	2.09983	.
1569	3262373	0	2.33439	.
1582	3418338	0	1.45079	.
1571	3262378	0	1.62783	.
1686	4632803	0	0	.
1713	4846556	0	0	.
1768	5676680	0	0	.
1838	6372146	0	0	.
1868	6455220	0	0	.
1932	6657954	1	0.967651	.
1880	6500687	0	1.35499	.
1888	6510177	0	0	.
1889	6510180	0	0	.
1891	6514972	0	0	.
1895	6533759	0	0	.
1927	6645108	0	0	.
1970	6761475	0	0	.
1971	6769563	0	0	.
1979	6832829	0	0	.
1980	6836793	0	0	.
2005	6946042	0	0	.
2053	7060544	0	0	.
2201	7382452	0	0	.
