# ContigOrdering file.  This file represents a ContigOrdering object, which describes an ordering of contigs within a Proximo cluster.
# See ContigOrdering.h for more documentation.
#
# Important numbers:
#	N_contigs	993	(Number of contigs in the input cluster)
#	N_contigs_used	993	(Number of contigs ordered by this ordering)
#	has_Q_scores	1	(Boolean: has orientation quality scores?)
#	has_gaps	0	(Boolean: have gap sizes between contigs been estimated?)
#
# Columns:
#contig_ID(local)	contig_name	contig_rc	orientation_Q_score	gap_size_after_contig
721	3967744	1	1.64812	.
732	4059209	1	3.36002	.
722	3967745	0	9.4594	.
379	512401	1	29.1812	.
145	464391	0	11.0062	.
121	445786	1	12.7759	.
94	438615	1	23.8812	.
872	6590507	1	6.22252	.
873	6590548	1	0.884832	.
898	6894168	1	7.56474	.
899	6894171	1	6.55578	.
504	607466	1	7.26691	.
503	607393	0	10.9831	.
415	515980	0	26.973	.
234	496341	0	6.15505	.
802	6309164	1	6.75261	.
803	6309301	1	13.5499	.
865	6549055	1	1.6257	.
862	6544647	1	34.1614	.
46	294685	0	23.9765	.
290	504165	1	7.74204	.
646	2725850	1	41.1487	.
647	2725855	1	11.4408	.
13	1108	1	1.0076	.
641	2627471	0	1.33102	.
640	2627438	0	4.00891	.
665	3140843	0	2.86509	.
652	2783443	1	1.47661	.
626	2353710	1	1.376	.
653	2783454	0	3.4842	.
625	2353699	0	7.43165	.
475	520602	0	42.8069	.
157	473139	1	187.303	.
177	482162	1	89.7416	.
249	498773	0	86.4941	.
152	471305	0	14.8693	.
99	440799	0	34.915	.
76	427498	1	16.9103	.
149	469953	1	69.5595	.
488	521466	1	8.41135	.
212	492111	1	1.93597	.
682	3453230	1	12.6023	.
676	3348336	1	4.98975	.
6	714	1	14.8794	.
18	1287	1	28.2594	.
792	6230679	0	1.67655	.
793	6233076	0	2.91895	.
791	6230669	0	7.71803	.
794	6233086	0	6.03803	.
728	4032501	0	1.63677	.
214	492278	0	1.90655	.
729	4032517	0	0.698238	.
725	4011702	0	0	.
627	2387064	1	9.77313	.
629	2419931	0	6.37608	.
669	3221085	1	8.68553	.
670	3221099	1	18.7329	.
297	504664	0	154.207	.
195	487612	0	39.4608	.
38	283723	1	49.6099	.
178	482780	0	56.6778	.
769	5196438	1	1.16313	.
774	5478198	1	1.39496	.
767	5196424	0	1.92699	.
775	5478210	0	0.492514	.
768	5196436	0	1.2717	.
773	5478196	0	2.35208	.
633	2448612	1	2.25012	.
634	2448637	1	15.4183	.
236	496838	0	2.86805	.
199	490468	0	116.295	.
270	502028	1	93.7741	.
275	502328	1	76.5585	.
2	550	0	131.316	.
932	7071422	1	19.5301	.
933	7071432	1	3.25054	.
900	6894991	0	0	.
948	7121524	0	48.8913	.
949	7121699	0	45.5119	.
950	7121705	1	102.427	.
947	7121518	1	102.575	.
375	511632	1	125.642	.
320	507004	1	80.9181	.
11	1042	1	47.7994	.
24	1433	1	61.9362	.
731	4041022	1	7.62369	.
730	4040987	1	12.1519	.
874	6590571	0	0.399784	.
871	6590484	0	2.42669	.
376	511766	1	245.035	.
93	438270	0	8.24995	.
776	5478212	0	3.38323	.
766	5196422	0	2.15452	.
361	510056	0	3.03117	.
590	1608505	0	55.9874	.
589	1608504	0	54.6072	.
374	511617	1	89.2538	.
283	503270	0	122.411	.
155	472208	1	63.8632	.
381	512596	0	58.1111	.
663	3127550	0	0	.
440	518358	1	4.22032	.
133	447493	1	199.09	.
305	505530	0	282.876	.
934	7077200	0	11.6131	.
443	518618	0	7.38063	.
501	586840	1	48.7433	.
502	586841	1	18.8624	.
480	520820	0	2371.85	.
426	516997	1	1701.4	.
244	498247	0	64.7012	.
403	514560	1	7.02565	.
392	513376	0	333.022	.
34	281687	0	18.4039	.
561	1359643	0	1.21868	.
563	1375241	1	1.00814	.
562	1375240	0	1.20592	.
560	1359642	0	0.674645	.
951	7121712	0	20.1301	.
50	317309	0	4.21356	.
952	7121721	0	39.6427	.
906	6932091	1	6.34053	.
286	503498	1	33.4799	.
473	520543	1	134.998	.
472	520497	0	47.3188	.
129	446599	1	17.8022	.
208	491535	1	26.4117	.
254	499362	0	6.89412	.
341	508581	1	14.2956	.
953	7126997	0	35.4164	.
680	3446467	0	0	.
97	439345	0	2.56568	.
449	519069	1	50.7877	.
702	3697967	0	5.02152	.
276	502743	1	1.23888	.
701	3697966	0	3.83834	.
894	6738045	1	21.5665	.
424	516912	1	24.2926	.
972	7179645	1	64.4872	.
971	7179643	1	76.0935	.
546	1079720	0	0	.
907	6976068	1	11.6799	.
432	517672	1	69.3067	.
465	519945	1	296.64	.
130	446662	0	554.837	.
48	299300	1	9.96829	.
262	500426	0	0.353848	.
453	519229	1	53.2179	.
136	454271	1	14.7701	.
987	7336849	0	1.40186	.
990	7341306	1	0.78965	.
326	507405	0	0	.
749	4365858	0	5.32676	.
167	479334	0	0.0716519	.
750	4365859	0	7.63874	.
809	6350632	1	23.2662	.
808	6350630	0	29.6338	.
677	3370641	1	6.32726	.
741	4215592	0	0.588609	.
186	484512	1	0.987334	.
468	520306	1	41.5437	.
315	506392	0	119.182	.
430	517556	0	42.7392	.
657	2869185	0	0.606517	.
945	7117447	1	5.77666	.
499	537765	1	6.9537	.
547	1082340	0	0.183167	.
143	463950	0	34.4784	.
307	505717	1	279.993	.
92	438156	0	48.8055	.
168	479398	0	249.17	.
116	443926	0	57.0552	.
166	479147	0	2.95815	.
977	7195161	1	137.564	.
976	7195144	1	139.027	.
555	1242568	0	31.6012	.
248	498688	0	12.3926	.
556	1242569	0	10.1969	.
242	498091	1	10.8725	.
462	519726	1	36.933	.
744	4266713	1	5.63329	.
658	2891914	0	0.838403	.
656	2869184	1	2.88822	.
659	2891915	1	1.99579	.
970	7179642	1	53.3008	.
67	375616	0	246.34	.
224	493692	1	165.12	.
742	4215593	1	26.7486	.
973	7179647	1	0.14603	.
172	481158	0	17.9296	.
83	431856	1	27.1221	.
811	6355676	0	15.1284	.
896	6787452	1	7.45097	.
810	6355649	1	10.5771	.
895	6787425	0	9.58745	.
250	498839	0	73.809	.
363	510337	1	51.5002	.
231	495811	0	5.84313	.
22	1347	0	0	.
783	5654830	0	0.494862	.
162	476132	0	42.5329	.
210	491998	0	25.1727	.
228	495509	0	27.6909	.
820	6397590	0	6.54576	.
703	3728160	1	0.300426	.
696	3603751	1	0.53287	.
695	3603750	1	1.21658	.
704	3728161	1	0.910021	.
698	3653974	0	5.93015	.
356	509726	0	23.1465	.
697	3653952	0	108.345	.
68	376080	0	0	.
73	377777	1	10.9274	.
336	507861	0	15.9431	.
268	501853	0	55.3167	.
367	510675	0	303.763	.
687	3559674	0	2.03069	.
674	3344488	0	12.9869	.
688	3559692	0	18.5823	.
675	3344506	0	2.0575	.
490	521841	0	29.9741	.
523	752908	0	11.5897	.
524	752909	1	33.05	.
369	510998	0	35.3682	.
281	503181	1	100.655	.
447	518912	1	145.905	.
238	497228	0	27.5161	.
223	493465	0	19.9487	.
845	6494523	0	0.705911	.
963	7161773	0	0.086646	.
8	787	0	182.187	.
419	516453	1	51.187	.
288	503698	1	78.284	.
780	5559127	0	30.1709	.
770	5308486	0	2.08965	.
147	465440	0	106.854	.
467	520178	1	85.5816	.
796	6233103	0	5.15775	.
795	6233093	1	3.84076	.
790	6230662	0	1.45771	.
71	377601	0	62.765	.
398	514041	0	177.414	.
377	511948	1	19.7629	.
572	1418940	0	13.2433	.
402	514546	0	0.369246	.
573	1418941	0	4.43752	.
771	5308487	1	3.06675	.
450	519111	0	12.6208	.
779	5559126	1	15.0644	.
571	1407383	1	37.1061	.
570	1407382	1	68.4215	.
588	1604485	1	16.5025	.
587	1604484	1	0.295938	.
98	439857	1	3.14054	.
404	514612	1	13.2981	.
201	490725	1	85.8423	.
930	7064932	1	71.7799	.
931	7064934	0	22.3929	.
710	3783870	0	20.1613	.
709	3783843	1	30.7947	.
693	3603083	1	17.8841	.
694	3603110	0	7.13469	.
124	446231	0	17.9871	.
7	730	0	159.294	.
183	484033	1	18.1752	.
190	486355	1	12.2113	.
456	519563	1	16.6388	.
36	282984	1	2.81306	.
21	1334	1	90.8056	.
445	518856	0	42.967	.
984	7218308	0	23.5617	.
983	7218307	0	91.5236	.
482	520891	1	16.5995	.
327	507413	1	19.9841	.
417	516234	0	49.692	.
185	484339	1	21.0096	.
584	1600374	1	1.30078	.
715	3880279	0	8.70229	.
714	3880278	0	10.2956	.
390	513248	0	18.4012	.
986	7220519	1	12.8647	.
311	506031	0	1.21553	.
278	502907	0	0.733854	.
992	7456333	1	11.9225	.
991	7456332	0	8.78839	.
284	503281	0	3.5752	.
255	499511	1	9.35379	.
763	4981794	0	76.1181	.
785	5808632	0	67.8707	.
762	4981772	1	55.215	.
786	5808654	1	41.7099	.
481	520824	0	3.03163	.
355	509702	1	19.5086	.
265	500992	0	1807.68	.
266	501008	1	1613.15	.
141	463252	1	16.5245	.
55	335497	0	61.3452	.
478	520713	0	284.283	.
211	492057	1	134.806	.
406	514764	0	82.4923	.
975	7191292	0	15.0929	.
974	7191102	0	37.2263	.
15	1178	0	369.997	.
660	2959191	0	14.3574	.
553	1242411	1	6.09783	.
554	1242490	1	16.0391	.
81	431491	0	31.5419	.
291	504291	1	221.839	.
397	513877	1	110.238	.
80	431299	0	0	.
830	6464681	0	0.312959	.
831	6464683	0	0.320503	.
824	6407649	0	0	.
113	443673	1	51.7087	.
84	432623	0	31.9283	.
823	6407593	1	9.15892	.
378	512089	0	4.90966	.
818	6382087	0	17.9875	.
822	6407557	0	97.2082	.
816	6382050	0	83.0918	.
821	6407556	1	61.4586	.
817	6382051	1	77.2793	.
819	6382143	0	0.793079	.
548	1192930	1	8.92225	.
751	4394602	0	22.1989	.
752	4394614	0	10.6439	.
358	509904	0	1.72574	.
408	515114	0	15.7527	.
812	6376780	1	18.3349	.
813	6376783	1	2.82874	.
110	442269	0	0	.
412	515668	0	750.715	.
108	441900	1	355.648	.
435	517767	1	180.381	.
154	471496	0	0.125472	.
454	519427	1	2.82343	.
577	1470323	1	3.28269	.
576	1470322	1	8.30464	.
359	509990	1	12.359	.
866	6549161	1	0.311742	.
184	484203	1	38.9105	.
175	481669	1	25.6652	.
421	516714	1	149.023	.
438	518205	0	0	.
433	517688	1	49.0481	.
35	282353	1	24.7577	.
148	468552	0	3.80716	.
484	521071	0	11.2931	.
323	507130	0	58.6594	.
3	555	0	74.1978	.
207	491477	1	35.9153	.
106	441731	0	176.785	.
384	512859	0	89.8295	.
797	6253647	1	2.12761	.
205	491194	0	0	.
427	517084	1	84.389	.
104	441504	1	90.4496	.
44	294341	1	3.31907	.
9	845	0	145.086	.
909	6979176	0	2.0283	.
908	6979174	0	22.6056	.
910	6979177	0	65.8088	.
489	521473	0	2.47434	.
348	508995	0	63.0081	.
452	519227	0	350.595	.
66	372496	0	0.828035	.
655	2787232	1	2.1733	.
574	1450937	0	1.68923	.
828	6430020	0	0.421858	.
575	1450948	1	0.171611	.
65	369652	1	34.6457	.
4	607	0	65.2946	.
150	470671	1	24.2195	.
318	506767	1	8.6648	.
391	513348	0	0	.
512	682879	0	4.91742	.
514	682965	1	4.58279	.
513	682952	0	0.110778	.
471	520491	0	131.168	.
235	496403	1	39.9146	.
429	517326	0	63.0274	.
342	508610	1	149.817	.
836	6470785	1	16.6114	.
853	6505309	0	26.0022	.
852	6505308	1	4.60038	.
317	506534	0	8.09116	.
221	493427	0	59.5943	.
942	7107607	0	3.2307	.
938	7085092	0	4.39368	.
941	7107581	1	8.95493	.
59	364132	1	9.57008	.
23	1392	1	6.54911	.
25	1463	1	228.31	.
338	508376	0	181.8	.
345	508835	1	330.323	.
89	437768	0	7.46758	.
989	7341176	1	0.300201	.
988	7336978	1	5.41042	.
474	520586	1	27.8829	.
200	490624	1	16.9399	.
225	494273	1	46.6911	.
425	516991	0	28.186	.
645	2713686	1	0.47162	.
75	426977	1	11.1938	.
464	519890	0	4.27611	.
740	4090475	1	12.46	.
739	4090474	1	2.11215	.
41	284532	1	3.35403	.
628	2419930	0	1.29173	.
256	499679	0	6.92461	.
72	377634	1	16.2872	.
294	504353	1	28.3537	.
322	507108	0	41.9345	.
12	1089	0	126.564	.
444	518797	0	30.8881	.
540	993051	1	9.55745	.
539	993050	0	4.98986	.
538	993049	1	0.225067	.
279	502923	1	47.0503	.
26	1484	0	151.875	.
300	504986	1	9.01766	.
142	463289	0	3.5475	.
760	4811032	1	31.8162	.
328	507492	1	38.6893	.
380	512567	0	132.762	.
581	1577778	1	6.18948	.
668	3157473	1	6.3033	.
905	6927836	1	0.452394	.
901	6919498	0	0.12021	.
479	520753	1	87.4775	.
174	481612	0	59.7111	.
541	999554	0	7.14811	.
884	6658627	0	33.5483	.
883	6658626	0	44.3728	.
885	6658629	0	35.5093	.
117	444096	1	6.64373	.
362	510274	1	98.9906	.
109	442113	0	60.0054	.
153	471492	0	246.338	.
911	6980032	0	55.0152	.
914	6982065	0	6.3366	.
913	6982061	0	1.12434	.
912	6980147	1	3.18385	.
216	492464	0	12.4674	.
102	441112	1	170.079	.
258	500141	1	231.326	.
302	505186	1	12.0295	.
491	521863	1	32.7406	.
182	483736	1	9.81728	.
935	7077201	1	14.6173	.
842	6477523	0	0.921999	.
840	6477519	1	32.9995	.
246	498383	1	39.5424	.
158	474809	0	20.2373	.
788	5949927	0	3.28381	.
789	6150821	1	4.8194	.
787	5949903	1	1.59432	.
526	904447	0	15.3813	.
527	906030	0	7.76714	.
528	906031	0	21.309	.
525	904446	0	30.1623	.
620	2223653	1	3.46044	.
616	2098495	0	2.97454	.
14	1164	0	111.95	.
834	6467910	0	19.7636	.
835	6467911	0	0.462108	.
455	519488	0	12.7912	.
781	5589284	0	1.53429	.
418	516398	1	32.0563	.
91	438151	0	26.4003	.
203	491026	1	63.3459	.
232	495905	1	51.2357	.
274	502272	0	34.7606	.
137	455589	1	21.1677	.
441	518470	0	0.890314	.
891	6707884	0	64.0539	.
839	6476514	1	72.5383	.
892	6707885	1	17.644	.
537	993048	0	1.83939	.
534	988917	0	8.29247	.
533	988916	1	12.9198	.
536	988919	1	8.0155	.
535	988918	0	5.25472	.
247	498647	0	68.5172	.
17	1237	0	322.274	.
122	445829	1	46.4946	.
173	481527	1	2.13089	.
922	7018420	1	6.5571	.
915	7009260	1	5.20691	.
921	7018400	1	2.85783	.
916	7009278	1	8.91092	.
280	503069	0	2.0511	.
500	577762	1	6.58903	.
90	437807	1	16.2108	.
169	480012	1	20.4873	.
886	6667292	0	19.6224	.
887	6667296	0	54.0879	.
888	6667297	1	66.5616	.
962	7154589	1	0.0281992	.
1	467	1	5.86241	.
827	6430019	1	8.0231	.
826	6430013	0	1.66035	.
825	6430011	1	40.3362	.
654	2787221	0	0.656019	.
492	521911	1	2.94813	.
431	517581	0	35.6457	.
350	509099	1	80.5632	.
314	506377	0	23.0119	.
39	283783	1	0.941281	.
161	475820	1	173.415	.
343	508778	1	41.8743	.
649	2733098	1	22.5517	.
648	2733092	1	5.92709	.
841	6477522	0	8.15211	.
394	513747	0	27.4136	.
209	491843	1	1.05402	.
51	317349	1	15.4965	.
580	1483709	1	1.0857	.
319	506793	0	116.644	.
171	480667	1	1.4014	.
101	440959	1	299.194	.
306	505557	0	230.672	.
57	335683	0	18.7885	.
493	522042	0	10.5939	.
428	517240	0	0	.
727	4022735	1	1.88261	.
720	3962112	1	4.31041	.
861	6544541	0	1.06228	.
477	520688	0	19.4986	.
347	508884	1	52.3445	.
79	431266	0	9.44183	.
463	519765	1	5.44867	.
530	930276	1	2.58432	.
617	2164620	1	4.68462	.
618	2164664	0	7.04176	.
529	930233	0	8.78347	.
120	445735	0	28.3534	.
62	366582	0	53.3073	.
40	284480	0	5.88304	.
943	7110252	1	17.9888	.
944	7110253	1	6.91528	.
622	2323258	1	3.66912	.
466	520016	1	216.165	.
227	494988	1	116.477	.
54	335479	1	103.866	.
64	368978	1	21.8827	.
882	6648147	0	1.2988	.
879	6648142	0	13.0789	.
483	521059	1	0.442334	.
880	6648143	0	11.0025	.
881	6648146	0	2.68869	.
260	500414	0	48.8852	.
337	507995	1	173.224	.
569	1388608	1	130.474	.
567	1388545	1	70.7464	.
566	1388544	0	64.8618	.
585	1600792	1	40.5874	.
586	1600798	1	35.8939	.
568	1388607	0	67.5115	.
897	6836799	1	0.149364	.
382	512604	1	38.2027	.
125	446272	0	123.003	.
20	1298	0	1418.98	.
756	4707299	1	19.4292	.
761	4811060	1	13.9626	.
757	4707328	0	21.5478	.
334	507792	0	16.508	.
755	4555952	0	43.3507	.
662	3035214	1	31.7762	.
678	3394124	0	3.3006	.
679	3394153	0	1.97576	.
458	519581	1	130.613	.
267	501592	0	31.3664	.
151	471276	0	57.4939	.
273	502271	0	37.3792	.
52	335320	0	11.3464	.
42	291704	0	0	.
383	512664	1	28.8219	.
470	520463	0	32.015	.
233	495989	1	33.1091	.
737	4079185	0	6.13333	.
672	3279096	1	2.10636	.
738	4079250	1	3.47305	.
671	3279031	1	3.65995	.
610	1944861	0	2.93249	.
605	1909780	0	1.99143	.
609	1944860	0	0.0557003	.
606	1909782	0	5.27514	.
611	1944949	1	4.89187	.
621	2309635	0	0.0655217	.
439	518215	0	38.0181	.
354	509465	1	39.4384	.
515	692521	1	12.4129	.
510	679154	0	0.345133	.
509	679109	1	0.571913	.
681	3446495	0	0	.
867	6564546	0	1.65098	.
858	6537048	1	7.35861	.
868	6564601	1	5.65419	.
27	1487	1	54.0017	.
851	6502893	0	25.8971	.
832	6467892	0	22.5484	.
850	6502882	1	66.942	.
833	6467903	1	49.5135	.
368	510844	0	277.85	.
344	508831	1	315.704	.
292	504305	1	42.7544	.
461	519638	0	3591.13	.
459	519596	1	3647.99	.
176	481965	0	20.0183	.
220	493402	0	68.6836	.
395	513765	0	63.1785	.
191	486362	0	0	.
711	3804798	0	0.438082	.
691	3595014	0	0.692593	.
968	7169385	0	1.12584	.
78	431236	0	0.132173	.
967	7165727	1	0.40519	.
287	503654	1	0.922969	.
215	492452	0	2.79021	.
712	3804799	0	2.45466	.
690	3594981	0	3.95737	.
713	3804833	0	6.949	.
692	3595015	1	3.60259	.
689	3594980	0	0	.
801	6305129	1	26.9748	.
800	6305128	0	24.5051	.
798	6305126	0	26.0512	.
799	6305127	1	49.5865	.
353	509445	0	14.3037	.
332	507666	1	37.765	.
308	505780	0	4.8185	.
596	1688473	1	1.40614	.
595	1688472	1	9.47311	.
614	2011061	1	7.67892	.
414	515952	0	52.3395	.
296	504651	0	25.1825	.
146	465398	0	14.5407	.
107	441877	1	1.89508	.
366	510531	1	0.497684	.
521	739493	1	9.20048	.
520	739492	0	11.9433	.
331	507527	0	57.5124	.
202	490739	1	20.7984	.
903	6921677	0	3.32832	.
904	6921679	1	9.18222	.
902	6921676	1	11.3225	.
758	4730272	0	0.660097	.
351	509168	1	2.08991	.
759	4730274	0	4.68122	.
849	6496551	0	14.1712	.
848	6496550	0	13.6128	.
847	6496549	0	2.50458	.
846	6496548	0	7.96361	.
237	497205	0	2.23399	.
49	301681	0	98.1682	.
310	506008	1	235.339	.
96	439337	0	130.415	.
128	446314	1	92.5094	.
855	6509813	1	17.7473	.
837	6474836	1	13.281	.
854	6509812	0	46.8097	.
838	6474837	0	49.7955	.
187	484670	1	4.64509	.
181	483663	1	20.3576	.
197	488478	1	14.5912	.
684	3456528	1	22.6446	.
754	4421510	1	1.11904	.
683	3456482	1	0.00929222	.
163	477982	0	16.4905	.
160	475292	0	64.4341	.
413	515759	0	166.87	.
856	6516097	0	62.3059	.
844	6484831	1	4.11844	.
857	6516102	0	9.34347	.
843	6484677	0	2.62359	.
782	5589613	0	0	.
5	644	0	62.6937	.
194	487492	0	2.7239	.
409	515143	1	7.16624	.
144	464114	1	55.2564	.
324	507324	0	9.90688	.
506	641708	1	7.53335	.
505	641689	1	7.69823	.
309	505953	0	0.62855	.
88	437544	1	6.79237	.
139	462202	1	6.19283	.
364	510362	1	37.264	.
772	5358706	1	0.40399	.
706	3777872	0	24.4391	.
170	480462	1	2.43749	.
705	3777870	1	61.1372	.
708	3777883	1	5.64585	.
241	497702	1	27.3137	.
460	519612	1	101.516	.
707	3777881	0	17.6129	.
206	491230	0	46.7939	.
165	478565	0	10.5837	.
74	378353	1	0.45321	.
226	494439	0	6.35115	.
386	512921	1	31.652	.
303	505438	1	69.9767	.
960	7153248	1	4.63354	.
961	7153249	1	2.16577	.
222	493449	1	88.5599	.
10	895	0	143.81	.
434	517690	0	23.3257	.
542	999555	1	2.18389	.
543	999556	1	6.49314	.
251	498844	0	33.6747	.
330	507503	1	107.164	.
340	508565	0	40.9632	.
497	530750	0	16.7804	.
498	530751	0	12.8614	.
518	694783	0	13.6021	.
592	1627243	0	5.72946	.
591	1627222	0	1.70275	.
517	694762	0	13.2726	.
135	451816	0	95.8314	.
70	377415	1	277.515	.
86	435212	0	3.01331	.
29	1802	1	490.796	.
469	520326	0	142.078	.
28	1738	1	96.5486	.
31	239951	0	243.541	.
405	514715	0	49.7798	.
33	273724	1	15.6579	.
245	498337	0	57.8873	.
545	1022869	0	0	.
939	7085119	1	0.882402	.
193	486740	1	40.8801	.
352	509350	0	43.125	.
19	1292	1	97.0375	.
123	445853	1	0.955202	.
396	513778	0	76.1718	.
927	7049778	0	3.94077	.
299	504929	0	0	.
400	514202	1	70.7129	.
37	283528	0	39.7428	.
339	508386	1	39.4649	.
946	7117667	0	8.81235	.
877	6630358	0	1.77793	.
878	6630359	1	0.511487	.
293	504329	1	37.6079	.
373	511615	1	4.70679	.
451	519166	0	13.9154	.
399	514069	0	116.514	.
643	2684158	0	4.88305	.
644	2713664	1	2.34972	.
642	2684136	0	2.59907	.
316	506501	0	0	.
966	7164732	0	8.20822	.
61	366173	0	0.85614	.
277	502823	1	80.0033	.
442	518545	0	175.734	.
636	2461370	0	2.27151	.
623	2351930	0	6.09232	.
624	2351982	0	5.3934	.
635	2461318	0	40.6483	.
261	500424	0	35.6482	.
357	509769	0	2.48349	.
507	675932	0	3.90373	.
156	472248	1	3.30281	.
508	675933	0	10.1557	.
936	7077210	1	25.9345	.
138	462103	1	8.09351	.
937	7077211	1	77.9773	.
77	427517	0	0	.
189	486019	1	74.884	.
16	1200	1	266.568	.
423	516851	0	15.5066	.
159	474912	0	63.901	.
240	497538	1	257.592	.
940	7095521	0	3.44737	.
632	2438874	0	4.80944	.
188	485618	1	20.8775	.
673	3332938	0	0.206769	.
978	7204200	0	0	.
860	6544431	1	16.0886	.
863	6548945	1	20.8077	.
859	6544429	0	39.949	.
864	6548947	0	35.0199	.
131	446673	1	32.6532	.
56	335550	1	34.3506	.
979	7204201	1	45.3395	.
980	7204202	0	60.1186	.
981	7204233	1	33.9954	.
370	511124	0	0	.
111	442609	0	33.8303	.
127	446286	1	125.054	.
387	512961	0	36.8593	.
918	7016312	1	0.126959	.
917	7016302	0	1.71644	.
196	488405	1	9.99109	.
198	489811	1	17.1133	.
321	507008	0	197.965	.
724	4005477	0	9.31609	.
733	4074475	1	1.75264	.
723	4005463	1	0.128693	.
734	4074489	1	1.1717	.
448	518949	0	19.8346	.
47	294785	0	0.925119	.
604	1904159	1	14.7005	.
603	1904122	1	30.9448	.
487	521446	1	121.808	.
219	493260	1	148.867	.
230	495771	1	66.9386	.
282	503206	1	27.8054	.
532	930911	0	1.1027	.
544	1022746	1	0.999169	.
531	930839	1	0.385186	.
717	3914710	1	0.691759	.
53	335422	1	4.99835	.
388	512981	1	336.207	.
437	518134	1	301.619	.
411	515353	1	3.5074	.
82	431743	1	24.1376	.
550	1209011	0	14.4108	.
552	1209013	0	21.4583	.
551	1209012	1	15.0034	.
549	1209010	1	6.04692	.
416	516217	1	48.1339	.
407	515062	0	135.184	.
60	365881	0	54.4338	.
239	497397	0	84.1816	.
313	506341	0	41.1949	.
410	515237	1	10.4318	.
393	513578	0	66.7757	.
134	449140	1	9.05544	.
958	7151985	0	12.6184	.
959	7152231	0	4.4429	.
805	6319381	1	78.4044	.
807	6319587	0	56.5233	.
806	6319520	0	22.645	.
804	6319313	1	44.7683	.
179	483021	0	0.450533	.
272	502265	1	1.29857	.
928	7049796	0	267.469	.
929	7049798	0	241.951	.
329	507495	0	0.359614	.
164	478024	1	0.0257525	.
511	681896	1	1.70026	.
204	491165	1	29.963	.
301	504994	1	276.834	.
87	435420	1	102.507	.
457	519578	0	186.769	.
285	503466	0	0	.
495	524488	0	0	.
389	512985	0	60.0571	.
349	509070	0	158.146	.
496	524490	1	22.0478	.
112	443439	1	80.0261	.
58	363859	0	65.8231	.
476	520613	1	91.5514	.
333	507766	1	61.6276	.
335	507809	0	61.0909	.
516	692566	0	9.1091	.
494	522123	1	33.2853	.
920	7016538	1	2.08678	.
919	7016408	0	2.62368	.
753	4421464	0	0	.
736	4076094	1	0.312499	.
719	3926005	0	1.2005	.
735	4076093	0	9.54917	.
718	3926004	1	32.5572	.
298	504760	0	44.3655	.
43	294258	1	85.8017	.
372	511441	0	44.1427	.
45	294520	1	10.7734	.
105	441616	1	8.80379	.
346	508874	1	28.571	.
875	6592212	1	63.6617	.
870	6566511	1	61.1102	.
869	6566510	1	50.4238	.
876	6592213	1	59.9082	.
661	2991638	1	4.29884	.
446	518906	1	8.67813	.
252	498944	0	13.2336	.
954	7145085	0	32.9924	.
700	3692357	0	15.6464	.
699	3692356	0	53.0814	.
0	4	0	24.345	.
926	7024835	0	7.01183	.
925	7024834	0	5.93277	.
924	7024833	0	13.1388	.
923	7024832	0	27.1626	.
486	521149	0	52.5247	.
217	492911	0	90.3663	.
30	130467	0	5.17194	.
32	269650	0	0	.
578	1478570	1	2.98949	.
579	1478576	0	1.85601	.
218	493205	1	123.176	.
63	366759	1	134.628	.
583	1593438	1	8.69295	.
630	2436680	1	3.23147	.
582	1593436	1	2.27417	.
631	2436713	1	2.47456	.
69	376966	0	0	.
85	432856	0	0	.
95	439182	0	0	.
100	440817	0	0	.
295	504593	1	89.5092	.
289	503702	0	269.512	.
271	502184	0	187.03	.
103	441411	1	2.55421	.
743	4227453	0	0.206508	.
420	516484	0	29.1214	.
114	443700	1	7.67078	.
602	1904117	1	20.9883	.
601	1904116	1	3.00409	.
436	518101	0	36.7654	.
115	443851	0	7.67769	.
118	444206	0	52.3383	.
126	446282	0	19.1843	.
119	444916	0	5.09445	.
304	505485	1	15.3338	.
132	447408	1	5.67561	.
612	1946549	0	1.83346	.
594	1634137	0	10.345	.
593	1634078	0	7.63082	.
613	1946607	1	2.26507	.
243	498110	1	2.66704	.
890	6680783	1	0.780068	.
893	6722415	1	5.77163	.
889	6680782	1	7.65417	.
140	462841	1	9.89507	.
422	516812	1	14.4902	.
777	5501940	1	0.744547	.
685	3513736	1	24.3819	.
600	1895117	1	14.8978	.
686	3513743	0	42.2559	.
599	1895110	0	57.3537	.
485	521083	0	43.7929	.
180	483385	1	70.9734	.
982	7218306	1	29.41	.
985	7218309	1	26.4076	.
360	510052	1	7.66621	.
192	486391	1	3.29745	.
213	492145	0	0	.
229	495598	0	0	.
325	507341	0	213.545	.
253	499186	1	28.203	.
401	514494	1	19.549	.
746	4292585	0	0.865811	.
745	4292562	1	2.74233	.
664	3127573	1	2.77151	.
259	500350	0	15.2618	.
257	499738	1	7.08245	.
965	7164297	1	3.08208	.
964	7164296	0	15.8571	.
263	500759	0	14.7017	.
269	501887	1	34.1799	.
264	500801	1	31.6382	.
558	1320898	0	76.3184	.
559	1320912	0	86.3673	.
312	506039	1	0.978105	.
956	7151641	0	2.37687	.
955	7151520	0	13.1881	.
957	7151679	0	11.1392	.
565	1381957	0	2.96754	.
564	1381956	0	2.88313	.
371	511141	0	74.4069	.
365	510367	0	56.9467	.
638	2504855	1	91.1847	.
598	1826709	0	72.1236	.
637	2504810	0	60.0712	.
597	1826664	1	78.9621	.
385	512860	0	0	.
519	739384	0	0	.
615	2077821	0	1.27563	.
522	749099	0	1.44314	.
557	1306174	0	0	.
608	1941177	0	4.87056	.
607	1941096	0	2.88185	.
619	2217837	0	0	.
639	2616017	0	0	.
651	2749768	0	2.67616	.
716	3906480	0	3.30281	.
650	2749738	0	15.0212	.
667	3156443	0	3.75365	.
748	4343499	0	2.43824	.
747	4343463	0	14.2361	.
666	3156407	1	0.959773	.
726	4011717	0	0	.
765	5031678	0	0.275588	.
764	5031666	0	0.467789	.
784	5714401	0	0.864704	.
778	5501952	0	0	.
815	6379448	0	5.79067	.
814	6379446	1	4.90764	.
829	6455862	0	0	.
969	7171188	0	0	.
