# ContigOrdering file.  This file represents a ContigOrdering object, which describes an ordering of contigs within a Proximo cluster.
# See ContigOrdering.h for more documentation.
#
# Important numbers:
#	N_contigs	1719	(Number of contigs in the input cluster)
#	N_contigs_used	1719	(Number of contigs ordered by this ordering)
#	has_Q_scores	1	(Boolean: has orientation quality scores?)
#	has_gaps	0	(Boolean: have gap sizes between contigs been estimated?)
#
# Columns:
#contig_ID(local)	contig_name	contig_rc	orientation_Q_score	gap_size_after_contig
321	484273	0	0.11935	.
1073	1831645	0	0.481271	.
1074	1831662	0	2.55181	.
921	930837	0	1.11469	.
939	1022750	1	4.56962	.
920	930834	0	1.80745	.
941	1022754	0	1.47359	.
652	514484	1	27.9872	.
621	512739	1	52.359	.
705	517533	1	0.138549	.
900	841797	0	44.5501	.
899	841796	0	50.3405	.
740	518543	1	11.6252	.
737	518503	1	115.458	.
424	498106	1	91.2902	.
1648	7117388	1	20.7059	.
1025	1504264	1	12.37	.
1024	1504263	1	29.1702	.
1322	4578804	0	0.607104	.
727	518349	1	12.8933	.
209	442302	0	15.3738	.
874	787349	1	23.0497	.
967	1118267	1	14.2387	.
524	505681	0	15.2276	.
579	509219	1	0.0883229	.
1668	7150616	0	1.94587	.
1670	7150622	0	3.32038	.
1669	7150617	0	29.6922	.
759	519203	1	17.7979	.
438	498388	1	5.91935	.
10	533	0	314.958	.
477	502345	1	5.6536	.
150	377264	1	251.92	.
155	431308	1	326.558	.
741	518605	1	14.8449	.
264	469369	0	22.8564	.
614	511943	1	192.105	.
612	511783	0	210.483	.
1714	7457895	1	15.7949	.
381	493720	1	153.902	.
595	510673	0	85.6814	.
1716	7471527	0	8.5061	.
1713	7457894	0	1.18681	.
1715	7471526	0	12.7355	.
831	615374	0	26.5487	.
832	615375	1	9.4614	.
57	1573	1	59.8642	.
525	505747	0	22.866	.
457	500940	0	3.52749	.
1103	2088947	1	3.74152	.
1399	6331852	0	0.267814	.
530	505899	0	0	.
1208	3003373	0	1.68971	.
1240	3466439	0	3.01302	.
235	446236	0	11.9922	.
260	468175	1	79.5696	.
550	506984	1	142.798	.
1529	6864204	0	0.574405	.
1405	6372324	1	4.45288	.
1404	6372175	0	4.43715	.
316	483209	0	0	.
709	517712	1	81.5316	.
656	514760	0	47.2035	.
689	516837	1	68.6189	.
396	495366	1	3.90212	.
603	511169	0	6.35031	.
713	517902	0	154.409	.
521	505456	1	168.673	.
997	1247154	1	16.739	.
431	498330	1	61.9632	.
757	519097	1	398.394	.
329	485357	0	318.428	.
972	1178677	1	7.42425	.
1350	5154918	0	0	.
1370	5620877	0	0.203641	.
17	685	1	70.2603	.
483	502692	0	7.42292	.
310	483016	0	144.475	.
164	433468	0	85.4984	.
1124	2247123	0	4.02062	.
1123	2247119	0	1.59367	.
1109	2146389	1	1.97728	.
1110	2146393	1	3.30629	.
1371	5620892	1	2.41798	.
1349	5154903	1	2.14569	.
780	519987	1	836.593	.
796	520830	1	5.32931	.
220	445274	1	171.07	.
691	516894	0	184.155	.
1308	4410455	0	0.052395	.
345	487161	0	10.5607	.
609	511634	1	12.3311	.
1000	1247215	0	4.68478	.
1012	1415025	0	2.63713	.
999	1247158	1	1.21739	.
775	519913	0	363.017	.
409	496401	1	105.448	.
1418	6445656	1	2.52849	.
1417	6443791	0	13.1749	.
602	511073	1	1.10871	.
1416	6443790	0	10.1376	.
1419	6445657	1	1.14091	.
1040	1638742	0	6.27536	.
1099	2070489	1	4.30374	.
1100	2070549	1	12.6691	.
1042	1638803	0	44.5308	.
805	521462	0	97.7722	.
601	511004	1	17.7136	.
487	503047	1	57.2786	.
312	483105	0	44.4391	.
1247	3656854	0	5.95328	.
1246	3656827	0	12.3411	.
1524	6828353	1	0.0833071	.
13	612	0	6.00788	.
1232	3326963	0	0.0488754	.
962	1099908	0	3.55583	.
963	1099909	0	3.59129	.
746	518830	1	27.6417	.
616	512527	1	144.514	.
102	285071	1	38.0312	.
134	335621	0	106.541	.
458	501003	0	154.594	.
1122	2237866	1	0.0816753	.
125	317457	0	0	.
167	437660	0	1.18615	.
40	1190	1	457.744	.
1230	3326959	0	2.36148	.
1131	2325389	0	3.11423	.
347	487265	0	19.7605	.
549	506969	1	39.4067	.
575	508829	1	67.2913	.
1605	7064674	1	48.8162	.
623	512869	0	60.6693	.
694	517007	1	44.4148	.
1402	6359344	0	12.3622	.
1403	6359345	0	14.2229	.
714	517904	0	0	.
1021	1477851	1	20.1799	.
1018	1469526	1	17.7337	.
1022	1477856	0	5.13454	.
1017	1469521	1	0.199728	.
715	517911	0	238.638	.
636	513544	1	139.484	.
1422	6458705	0	28.8108	.
1428	6472174	1	15.9326	.
1421	6458704	1	25.0798	.
803	521383	0	0	.
1566	6987994	1	0.929313	.
204	441847	1	0.0432362	.
1575	7007834	1	0.349731	.
1680	7166095	0	4.07416	.
276	471163	1	122.841	.
315	483206	0	15.8994	.
578	509196	0	249.957	.
411	496415	0	164.525	.
300	481872	0	77.548	.
884	807281	1	4.8119	.
896	836817	1	2.91344	.
1211	3058370	1	0.0226019	.
776	519934	0	5587.61	.
771	519837	1	5121.76	.
1154	2531686	1	0.178311	.
966	1118266	1	13.7967	.
875	787350	1	28.9835	.
768	519706	1	535.534	.
798	521032	1	815.902	.
22	817	1	3.85775	.
156	431327	0	90.0354	.
201	441642	1	20.8952	.
107	286115	1	26.2165	.
30	991	1	360.821	.
228	445901	0	46.7751	.
295	478592	0	17.7582	.
360	491310	0	0.463733	.
1251	3761050	1	101.914	.
1252	3761051	1	139.203	.
1622	7088575	1	9.18739	.
696	517094	1	56.0966	.
516	505176	0	30.1004	.
1450	6535163	1	0.0535378	.
1224	3167726	1	0.158624	.
7	499	1	52.7633	.
672	515794	0	43.1166	.
397	495505	0	103.857	.
952	1078524	0	45.6134	.
953	1078525	0	55.2183	.
975	1182114	0	133.008	.
976	1182115	1	21.1357	.
1528	6830709	0	12.2183	.
1527	6830708	0	5.78485	.
1526	6830707	0	12.5184	.
1525	6830706	1	8.05809	.
449	500101	0	76.8879	.
423	498092	0	379.251	.
31	1014	0	201.982	.
630	513238	0	254.677	.
1609	7070731	0	5.43924	.
1608	7070618	0	24.632	.
1610	7070737	0	17.784	.
1607	7070508	1	40.384	.
152	377581	0	38.6708	.
443	498813	1	198.598	.
662	515222	1	1.89553	.
66	1749	1	29.5146	.
693	516947	0	45.3698	.
169	438788	0	29.6092	.
586	510101	1	1.75443	.
1625	7088580	1	32.0067	.
327	484705	0	0	.
488	503259	1	15.8071	.
52	1462	1	102.987	.
1218	3122012	0	0.337176	.
200	441637	1	112.637	.
673	515839	0	114.754	.
1485	6738240	0	0.940692	.
828	573690	0	0.368488	.
157	431334	0	5.47904	.
67	1791	1	240.289	.
756	519067	1	228.068	.
822	535525	1	24.1768	.
821	535524	1	23.6935	.
611	511676	0	1.02545	.
1690	7207676	0	0.347334	.
1623	7088578	0	0.116567	.
598	510879	1	115.275	.
1586	7025150	0	1.07218	.
676	515983	1	94.0097	.
450	500166	1	111.498	.
238	446279	1	202.406	.
174	439787	1	30.7341	.
782	520080	0	19.2816	.
331	485640	0	12.8977	.
293	477810	1	84.082	.
112	293729	1	110.309	.
77	244159	1	37.8502	.
84	278689	0	122.893	.
190	441459	0	3.44245	.
436	498370	0	22.0901	.
669	515642	0	55.6074	.
1617	7088488	1	7.64092	.
1619	7088532	0	0.167107	.
1628	7088719	1	4.58642	.
1481	6722187	1	3.50971	.
1480	6722186	1	3.02709	.
1479	6722185	0	29.994	.
83	277968	0	1.95664	.
1478	6722184	0	13.1936	.
1013	1415026	0	1.43397	.
588	510216	0	4.79975	.
302	481903	0	2.03743	.
236	446237	0	8.09243	.
1681	7170605	1	159.237	.
1682	7170608	0	120.293	.
1567	6987998	0	0	.
1577	7007911	1	0.885795	.
1568	6988075	0	5.16192	.
1576	7007851	1	1.5679	.
44	1286	1	91.0258	.
583	509793	1	5.78429	.
339	486577	1	24.9131	.
1117	2171114	1	7.33818	.
541	506364	0	2.13593	.
1118	2171125	1	22.706	.
1219	3122023	0	0.934577	.
1254	3763541	1	0.173329	.
679	516112	1	17.2746	.
131	335525	0	1.15202	.
943	1022760	1	0.476501	.
926	930916	0	0.631106	.
919	930830	0	11.6341	.
945	1022830	1	3.76355	.
927	930955	1	2.20575	.
942	1022755	1	1.81327	.
922	930840	1	1.09026	.
938	1022749	0	0.764662	.
925	930912	1	3.78926	.
940	1022753	1	1.65397	.
1069	1810561	1	0.438786	.
1070	1810564	0	7.84513	.
618	512628	0	114.223	.
303	481991	1	10.0977	.
425	498204	0	32.1951	.
849	692565	0	0.88732	.
840	679153	0	0.526373	.
149	376360	0	0	.
1465	6632467	0	5.98918	.
1461	6629423	1	4.17629	.
442	498810	1	2.45861	.
1464	6632464	0	2.31078	.
1460	6629422	1	2.69607	.
14	628	1	461.341	.
82	277183	1	63.8913	.
1704	7217476	1	6.00838	.
1178	2736939	0	1.5518	.
1176	2736900	1	6.13125	.
1175	2736898	0	6.83474	.
1177	2736937	0	1.16918	.
88	281895	0	5.39482	.
1174	2736862	0	0.810115	.
739	518540	1	8.17965	.
188	441419	0	30.2905	.
573	508604	1	15.3621	.
1171	2733713	1	12.5126	.
1170	2733704	1	10.8742	.
129	335440	0	1.32292	.
29	968	1	80.2001	.
1362	5369251	0	7.01286	.
1378	5875337	0	22.462	.
1363	5369264	0	15.4645	.
1379	5875350	1	0.185083	.
971	1177617	0	0	.
872	775505	0	0	.
1011	1415024	1	12.023	.
702	517468	1	22.319	.
289	475919	1	35.7731	.
1334	4651176	1	1.06259	.
1333	4651174	1	1.18696	.
886	816985	1	0.311307	.
267	469652	0	51.8054	.
284	475267	1	15.8821	.
786	520286	0	18.2746	.
781	519990	1	84.6901	.
909	889122	0	12.1777	.
253	462801	0	0	.
554	507332	1	132.514	.
542	506504	1	249.859	.
241	446381	1	143.302	.
706	517568	1	98.7593	.
1202	2930887	1	3.23079	.
1189	2846764	1	3.40448	.
317	483232	0	1.04094	.
707	517595	0	691.584	.
751	518916	1	1091.26	.
1584	7020919	0	14.2391	.
1583	7020639	0	12.8281	.
1585	7020954	0	19.927	.
1582	7020604	0	5.88034	.
944	1022761	0	5.63215	.
304	482282	0	8.84951	.
924	930845	1	0.947653	.
364	491776	1	6.65902	.
791	520397	1	315.466	.
170	438809	1	144.581	.
39	1116	0	75.4778	.
1451	6567513	1	0.814239	.
36	1082	1	87.8291	.
1150	2459808	0	12.8494	.
1149	2459774	0	34.4302	.
15	651	1	88.492	.
871	775416	1	3.89555	.
589	510273	0	5.64721	.
869	775410	1	1.35624	.
873	775506	0	1.85794	.
1273	4037002	0	3.76234	.
566	507935	0	4.53855	.
563	507583	0	40.71	.
224	445792	1	11.4251	.
428	498237	0	6.35177	.
1142	2439314	1	127.314	.
978	1184188	1	119.436	.
977	1184142	1	48.4383	.
1141	2439268	1	93.4167	.
571	508135	1	97.9501	.
1635	7090194	1	111.201	.
559	507416	1	409.955	.
456	500909	1	301.872	.
508	504552	0	30.0797	.
1534	6871533	0	6.74451	.
1540	6887761	0	8.11143	.
215	443476	1	17.9178	.
21	814	1	73.1214	.
485	502960	1	22.1519	.
537	506173	0	38.1128	.
1535	6871551	1	0.0496624	.
1539	6887743	1	10.4241	.
1006	1365959	0	13.6546	.
964	1099910	0	43.0524	.
538	506275	0	41.7766	.
63	1703	0	94.2966	.
69	1821	1	111.42	.
258	465593	1	3.05607	.
198	441591	0	60.4244	.
196	441552	0	57.4593	.
211	442600	0	32.2678	.
454	500607	0	25.715	.
923	930844	1	0.158185	.
460	501150	1	44.7047	.
348	487273	1	37.6004	.
1687	7198410	0	1.83997	.
1298	4325892	0	0.32214	.
627	513020	1	0.556502	.
1299	4325908	0	1.93196	.
1121	2237850	1	0.349926	.
968	1119488	0	2.38715	.
784	520190	0	173.222	.
418	497416	1	146.818	.
342	486741	1	54.8471	.
1389	6294716	0	3.96122	.
154	427116	0	0	.
1258	3797594	1	12.9473	.
1259	3797608	1	14.28	.
1611	7071433	0	1.6946	.
113	293901	1	9.55135	.
1645	7116189	0	2.78642	.
695	517090	0	0	.
455	500808	1	116.777	.
108	286990	1	82.7495	.
1014	1415027	0	1.26217	.
341	486727	0	13.513	.
998	1247155	1	10.1475	.
765	519408	0	28.5911	.
337	486527	0	22.726	.
16	665	1	140.481	.
1549	6912982	0	12.6673	.
1546	6906796	1	3.56617	.
1550	6912991	1	3.44311	.
989	1225762	0	68.4745	.
995	1235724	0	58.8198	.
993	1235668	0	79.8035	.
991	1225818	0	91.7336	.
730	518386	1	7.28244	.
894	836812	1	5.15035	.
878	807200	1	13.5939	.
893	836808	1	5.28495	.
879	807201	1	11.3776	.
881	807203	0	2.21903	.
882	807205	1	1.6981	.
1044	1645360	1	15.8631	.
1037	1629666	1	14.5486	.
1038	1629707	1	3.76841	.
1043	1645358	1	3.90843	.
462	501406	0	120.229	.
81	274892	1	78.1542	.
307	482729	1	4.19372	.
380	493698	1	0.575085	.
1548	6912977	0	3.08477	.
1544	6906790	0	7.29891	.
1545	6906791	0	10.5776	.
1547	6912976	0	4.98119	.
703	517479	0	19.1736	.
451	500340	1	43.2118	.
419	497504	1	78.5251	.
105	285462	0	9.43638	.
774	519883	1	2.66239	.
890	825814	1	0.371612	.
889	825811	0	2.13252	.
888	825810	0	2.94748	.
842	679565	1	24.7009	.
1446	6522971	0	24.5896	.
1445	6522970	0	17.1076	.
841	679564	1	24.534	.
1602	7060151	0	0.622231	.
1593	7045110	0	0.622856	.
1601	7060150	1	13.4379	.
403	496219	0	2.26881	.
1594	7045111	1	24.4241	.
1600	7052248	0	0.640677	.
1597	7050614	0	2.73194	.
1599	7052202	1	3.1867	.
23	837	1	322.833	.
551	507001	1	0.172274	.
1104	2100556	0	1.4987	.
1106	2100573	0	0.378979	.
1105	2100557	0	0.814298	.
343	486742	1	1.53775	.
110	291619	1	35.241	.
223	445790	1	166.779	.
665	515553	1	99.4284	.
294	477829	1	33.3675	.
532	505980	0	6.70269	.
382	493724	0	1.26111	.
404	496279	1	13.3714	.
153	377584	1	9.3667	.
74	148510	1	0.314747	.
463	501739	1	47.1734	.
1337	4669323	1	2.45121	.
1640	7107694	1	0.381191	.
351	487726	0	0.726504	.
1641	7107695	0	0.654384	.
354	489235	0	267.878	.
446	499061	1	167.727	.
448	499615	0	9.43272	.
165	435650	0	96.2944	.
742	518673	0	1746.35	.
738	518522	1	1702.9	.
35	1079	0	106.782	.
32	1046	1	190.928	.
1383	6190643	1	3.01877	.
1385	6253778	1	10.2578	.
1387	6253980	1	10.1691	.
1386	6253793	0	27.886	.
1388	6253995	1	7.22751	.
163	433296	1	35.4354	.
628	513121	0	66.8976	.
979	1188493	1	0.164652	.
748	518893	0	2764.53	.
753	518962	1	2291.12	.
858	742565	0	0.150918	.
1030	1559555	1	20.6594	.
1029	1559554	1	24.1777	.
219	444853	1	18.8473	.
216	443828	0	18.8948	.
420	497694	0	4.75432	.
12	598	1	738.817	.
1618	7088530	1	2.07726	.
732	518403	0	46.9899	.
1718	7482467	1	29.4191	.
266	469632	1	7.21671	.
1717	7482466	1	1.55311	.
1629	7088761	1	22.0033	.
1621	7088574	1	110.241	.
182	441135	1	185.368	.
512	504982	1	188.192	.
1632	7088766	0	24.8293	.
1624	7088579	0	4.95622	.
698	517296	1	60.2196	.
1592	7042929	0	6.69544	.
949	1028619	1	43.4601	.
947	1028201	0	24.275	.
318	483586	0	103.86	.
395	495346	1	103.626	.
846	685417	1	9.90277	.
848	685421	1	0.0518699	.
847	685420	0	2.39587	.
845	685416	0	3.57251	.
1591	7042928	0	0	.
195	441547	0	0.8758	.
534	506086	1	108.84	.
142	366652	1	37.9515	.
682	516387	0	0	.
1476	6708738	1	0.0416309	.
1413	6427611	1	18.4559	.
1477	6708739	0	23.9349	.
1411	6427527	0	31.1755	.
1475	6708655	1	67.0868	.
100	284827	0	141.693	.
96	284278	0	139.719	.
1474	6708654	1	37.8326	.
1412	6427610	1	6.36848	.
1410	6427526	1	2.7383	.
558	507411	1	114.302	.
47	1322	0	969.328	.
70	1824	1	300.742	.
226	445865	1	58.418	.
263	469330	0	40.939	.
908	886324	0	0.0810108	.
184	441154	0	0	.
1699	7213760	1	13.0485	.
314	483194	1	99.8215	.
522	505556	1	23.6461	.
159	431718	0	38.1147	.
557	507402	0	35.977	.
122	317141	1	5.75914	.
515	505101	0	68.5631	.
1096	2062548	1	11.2077	.
641	513744	1	2.06342	.
368	491986	0	16.6626	.
651	514461	0	58.4664	.
915	905961	1	12.7096	.
136	335676	1	1.72744	.
712	517878	1	151.12	.
189	441428	0	4.93632	.
306	482323	1	114.684	.
1541	6898718	0	27.7128	.
1542	6898720	0	33.1998	.
862	752919	1	39.5136	.
861	752913	1	98.8643	.
585	510045	1	139.434	.
445	499057	1	0.821163	.
864	752990	1	22.2612	.
863	752926	1	27.616	.
615	512230	1	22.9419	.
97	284425	1	2.08527	.
1336	4662899	0	0.956695	.
103	285109	1	1.2128	.
269	469705	1	0.0495553	.
48	1330	1	39.3591	.
1023	1489917	0	18.8924	.
1002	1333539	0	19.7047	.
291	476127	1	10.9241	.
490	503393	0	23.4077	.
891	834462	0	4.05579	.
937	1019286	0	11.7004	.
283	475030	1	1.68593	.
892	834470	1	0.886545	.
936	1019279	0	0.507027	.
1167	2732463	1	3.74403	.
1160	2677924	1	3.91729	.
1674	7154592	1	34.3166	.
1673	7154565	1	50.1697	.
626	513007	1	7.33111	.
387	494089	1	595.632	.
127	335362	1	640.911	.
1463	6630361	1	3.88985	.
1462	6630360	1	2.42308	.
1128	2320889	0	0.259139	.
767	519511	1	4.65529	.
799	521225	1	37.0507	.
1434	6479067	1	15.5632	.
328	484770	0	0	.
121	312893	0	0	.
582	509627	1	8.79304	.
143	368470	1	16.5277	.
1301	4362509	0	8.20449	.
1300	4362508	1	3.99165	.
1127	2320847	0	6.67017	.
1114	2148875	0	6.18927	.
1113	2148833	0	0.690437	.
531	505979	1	24.7528	.
489	503290	1	47.8892	.
1019	1476345	0	16.728	.
1020	1476355	0	34.9122	.
484	502787	1	44.1449	.
222	445738	0	45.0978	.
186	441355	1	41.985	.
363	491499	0	13.5126	.
1360	5297930	0	9.91642	.
1365	5556247	0	1.5355	.
1359	5297908	1	5.84427	.
1366	5556268	1	6.5473	.
1229	3326955	1	1.39923	.
1133	2325394	1	2.92252	.
1228	3326952	1	15.0859	.
377	493367	0	12.9121	.
663	515451	0	1.2503	.
388	494123	0	0	.
1432	6476515	0	17.2725	.
817	522043	1	112.314	.
677	516033	0	69.5412	.
98	284634	1	11.6533	.
292	476142	1	8.13788	.
1260	3863047	1	1.11089	.
1196	2903889	1	1.51452	.
1261	3863062	0	0.251422	.
1197	2903904	0	1.82973	.
769	519709	1	93.6873	.
657	514778	0	88.9413	.
982	1192942	0	0	.
631	513281	1	4.12162	.
416	497347	0	4.95572	.
745	518802	1	10.4644	.
78	245586	1	13.6461	.
1439	6494516	1	1.46586	.
1140	2433266	0	0	.
1245	3606972	1	6.67505	.
807	521476	0	0.912647	.
1139	2433255	1	3.1169	.
37	1102	0	0	.
1516	6819168	1	1.41803	.
1518	6819182	1	2.42499	.
1520	6819295	1	3.59352	.
1519	6819184	1	27.6093	.
1515	6819151	0	54.105	.
1523	6819311	0	1.5097	.
678	516058	0	155.732	.
299	481765	0	158.03	.
643	513812	1	4.15235	.
89	282087	1	30.121	.
229	446081	0	47.817	.
552	507076	0	37.8455	.
835	657135	0	5.56224	.
837	657138	1	5.38721	.
836	657136	1	8.42189	.
838	657139	0	10.9331	.
1303	4394605	1	0.0136134	.
0	338	1	593.087	.
750	518908	1	45.4815	.
282	474699	1	30.7503	.
635	513451	0	0	.
912	892694	1	0.595594	.
911	889130	1	7.8109	.
728	518366	1	2.6948	.
914	892702	0	3.11872	.
1076	1872485	1	2.58017	.
1001	1283981	1	1.76441	.
1075	1872439	1	16.5336	.
1709	7382447	0	0.529424	.
24	939	1	925.943	.
654	514656	1	276.757	.
606	511322	0	69.7966	.
596	510748	0	105.881	.
562	507501	0	214.982	.
533	506003	1	225.503	.
117	296774	0	94.2616	.
330	485477	0	130.767	.
334	486320	1	30.3831	.
128	335382	0	45.1876	.
1407	6381747	0	3.59311	.
1276	4111408	1	23.0611	.
1269	3939811	1	22.8773	.
1277	4111447	0	25.6274	.
1268	3939772	0	23.9241	.
210	442559	1	12.6189	.
723	518295	1	1447.77	.
733	518404	0	1840.36	.
496	503772	0	37.7165	.
1190	2846766	0	38.7325	.
1203	2930890	0	25.7622	.
1191	2846768	1	7.81637	.
1201	2930886	1	4.72353	.
1120	2201216	1	7.73691	.
1119	2201156	0	3.86931	.
1241	3486500	1	1.86806	.
1242	3486501	1	30.3988	.
546	506633	1	167.988	.
547	506636	0	283.207	.
56	1562	0	122.249	.
194	441540	0	0.582043	.
708	517641	0	0	.
1077	1904114	1	9.26904	.
699	517321	1	362.156	.
99	284772	0	238.77	.
38	1110	0	37.4792	.
883	807208	1	5.24938	.
275	470663	1	16.4488	.
141	363626	1	37.8387	.
50	1386	0	34.6927	.
495	503685	0	269.458	.
161	432658	1	12.2441	.
729	518374	1	15.6352	.
880	807202	1	37.3066	.
898	836887	0	35.2789	.
1660	7130751	0	0	.
375	493204	1	299.396	.
287	475833	1	397.375	.
1661	7130753	0	91.8858	.
1569	6989314	0	0	.
833	624625	0	5.51283	.
834	624665	0	13.4406	.
638	513593	0	52.4128	.
59	1627	0	134.657	.
907	885178	1	0.0457383	.
502	504267	0	33.5425	.
385	493896	1	54.7037	.
333	486281	0	420.711	.
787	520294	0	1181.24	.
617	512624	1	326.703	.
362	491442	0	121.876	.
519	505222	1	69.2701	.
45	1293	1	148.394	.
528	505811	1	69.8072	.
830	579927	0	7.30656	.
1144	2452114	0	0	.
1530	6864673	0	0.219851	.
1514	6816725	0	9.98813	.
1531	6864753	1	10.4277	.
1513	6816645	1	1.07647	.
42	1255	0	11.4509	.
1603	7063087	0	4.94383	.
1604	7063089	0	44.3006	.
556	507381	0	46.2956	.
1045	1654503	1	9.17962	.
1046	1654585	0	4.22165	.
1047	1663825	1	11.4453	.
101	284858	0	1.91948	.
18	692	0	102.967	.
2	365	1	957.749	.
1015	1448006	1	1.81474	.
1195	2886655	1	2.53426	.
1194	2886603	0	1.58648	.
472	502149	1	33.9689	.
576	508832	0	37.038	.
286	475714	1	91.2575	.
788	520296	1	714.116	.
917	916365	1	24.7029	.
918	916366	0	9.67959	.
916	916362	0	34.4066	.
649	514359	1	100.995	.
523	505568	0	26.3089	.
1339	4745535	0	3.21411	.
1338	4745534	0	0.958036	.
1315	4508266	1	0.0263548	.
671	515693	0	0.644043	.
1507	6803971	0	2.07333	.
1494	6771649	1	5.86369	.
1505	6803893	1	4.83496	.
1492	6771571	0	1.12983	.
1508	6803972	0	42.1304	.
386	494032	1	8.20175	.
1495	6771650	1	23.0231	.
1506	6803894	1	4.68881	.
1493	6771572	0	1.17051	.
1307	4399794	0	9.31648	.
145	374224	0	56.4951	.
349	487304	1	49.3935	.
1639	7106199	0	34.7513	.
1651	7124891	0	25.3551	.
1652	7124894	0	4.99967	.
1638	7106143	0	13.7975	.
486	503036	0	18.2187	.
279	473773	1	17.4986	.
1394	6316269	1	4.62147	.
1221	3151814	0	54.0858	.
1220	3151812	0	58.4225	.
1250	3733256	1	8.7545	.
1249	3733183	0	24.3498	.
624	512987	0	61.292	.
230	446106	0	5.70147	.
1442	6520359	1	4.75435	.
1443	6520394	1	3.18016	.
203	441768	0	0	.
177	440631	1	28.3664	.
384	493888	0	109.166	.
1256	3784612	1	6.35069	.
1257	3784638	1	1.09446	.
1358	5289725	1	0.149388	.
1374	5712819	0	1.5573	.
1382	5939382	1	0.221628	.
1353	5232160	0	0.156144	.
1466	6637142	1	3.06623	.
1467	6637143	0	10.4415	.
1637	7101783	1	1.29834	.
11	569	0	740.173	.
19	702	0	25.6825	.
1137	2423370	1	3.95716	.
1138	2423372	1	5.68322	.
191	441472	0	23.0374	.
319	483648	0	143.83	.
410	496413	0	182.885	.
1578	7009479	1	0.221002	.
1115	2161772	0	0.0258663	.
1314	4473995	0	3.95015	.
1116	2161773	1	1.56566	.
151	377340	1	20.2319	.
721	518220	1	228.862	.
1469	6662968	1	1.00142	.
1712	7410413	1	8.63912	.
564	507629	1	389.366	.
358	490904	1	238.258	.
802	521362	0	78.69	.
1532	6870304	0	0.874555	.
1537	6877385	0	1.33402	.
1533	6870305	0	1.80044	.
1536	6877384	0	1.32545	.
868	775409	1	31.8435	.
555	507364	0	124.08	.
755	518995	0	2.02497	.
1271	3975936	1	7.01345	.
505	504317	0	123.28	.
593	510431	0	87.5175	.
806	521470	1	87.0308	.
650	514389	0	26.0733	.
1646	7116190	0	1.70334	.
434	498349	0	135.915	.
469	502135	1	148.986	.
957	1080835	0	0.0356475	.
956	1080834	0	24.9015	.
955	1080815	0	26.7598	.
954	1080814	1	14.7208	.
754	518975	0	58.9171	.
667	515597	0	6.1755	.
948	1028539	1	7.22149	.
946	1028121	1	11.4622	.
1565	6986115	1	2.50425	.
1562	6983608	1	1.9492	.
1564	6986106	1	4.63577	.
111	291641	1	34.1879	.
75	202108	0	39.7822	.
352	488368	0	6.95534	.
1253	3762838	0	37.7301	.
114	294150	1	30.6147	.
1199	2911400	0	8.62246	.
1266	3924258	0	0.308433	.
1185	2808704	0	0	.
1561	6955601	0	6.12063	.
1556	6920705	1	8.02971	.
1555	6920703	1	29.6103	.
1181	2740073	0	9.11393	.
1180	2739821	1	6.45765	.
1179	2739746	0	2.1463	.
1182	2740147	0	6.25704	.
1563	6983617	0	0.152337	.
4	457	1	72.2436	.
1048	1666576	1	3.5662	.
1165	2720542	1	5.61011	.
658	514833	1	23.4121	.
569	508030	0	16.6847	.
736	518481	0	15.2002	.
1377	5744224	1	0.279432	.
580	509272	1	20.5333	.
565	507812	0	325.561	.
465	501896	0	21.9847	.
1538	6882402	0	0.612415	.
1543	6905041	0	0.758551	.
43	1276	0	14.1935	.
1589	7025178	1	14.9297	.
1590	7025179	0	28.4199	.
1587	7025176	0	26.7523	.
1588	7025177	1	17.4272	.
503	504271	1	7.19719	.
440	498644	1	11.1653	.
180	440984	0	40.7901	.
1708	7218931	0	95.2428	.
1707	7218919	0	124.678	.
413	496558	1	92.0739	.
447	499089	1	67.7746	.
1706	7218447	0	17.5067	.
1705	7218390	1	9.88718	.
252	462608	1	2.16818	.
1658	7128567	0	4.39088	.
394	495029	0	0.000228432	.
1657	7128566	1	9.22419	.
1656	7128557	1	7.4751	.
666	515566	0	41.3822	.
607	511323	0	87.201	.
816	521953	1	12.4499	.
591	510399	0	334.398	.
439	498466	1	77.9744	.
213	443089	0	34.364	.
1003	1334212	1	6.91673	.
594	510596	1	103.628	.
813	521820	1	111.266	.
743	518699	1	28.9604	.
1653	7126984	0	31.872	.
1654	7126985	0	33.4274	.
610	511663	1	771.42	.
793	520667	1	65.9125	.
427	498229	0	292.812	.
60	1661	0	84.2954	.
392	494498	0	80.5729	.
46	1312	1	960.459	.
288	475901	0	33.972	.
146	375546	0	42.2672	.
271	469840	0	42.1273	.
256	464425	0	15.3902	.
1341	5025565	1	1.00609	.
1296	4259296	1	11.8738	.
1297	4259297	0	20.1807	.
369	492027	1	1.09089	.
501	504243	0	95.6955	.
51	1432	0	46.998	.
526	505759	1	16.8271	.
1198	2911362	0	0.0390347	.
1267	3924296	0	33.4956	.
600	510955	0	9.04765	.
376	493251	1	27.2138	.
827	560702	0	0	.
1193	2857713	0	0.896012	.
668	515598	1	13.407	.
1200	2929355	1	2.55837	.
1192	2857712	1	2.35163	.
681	516381	1	541.566	.
660	514969	1	701.558	.
474	502188	0	48.7727	.
1101	2084762	1	7.45313	.
1095	2061644	1	5.07281	.
690	516845	1	14.5385	.
1102	2084828	1	17.4839	.
1094	2061578	1	0.571947	.
1051	1698235	1	2.16001	.
1027	1510593	1	2.66062	.
1028	1535472	1	3.39816	.
1026	1510592	0	9.86569	.
772	519860	0	5.09116	.
1143	2448945	1	0.190854	.
466	501926	0	165.867	.
808	521514	0	144.099	.
811	521642	1	0.606006	.
640	513670	0	312.688	.
323	484571	1	134.345	.
592	510403	0	42.6348	.
1689	7204097	1	67.9127	.
1688	7203796	1	68.8548	.
1468	6646104	0	6.34354	.
587	510159	1	42.6398	.
506	504372	0	45.5853	.
1183	2743644	1	0.216491	.
852	724489	1	4.66097	.
476	502273	1	20.8119	.
1473	6702969	1	12.4834	.
1472	6702859	1	3.42502	.
1483	6727873	1	4.65183	.
1500	6787419	0	1.9953	.
1401	6355643	1	0.274429	.
1400	6355642	1	2.32694	.
1499	6787418	1	7.44678	.
281	474600	0	48.5667	.
391	494369	0	125.706	.
1344	5061810	1	0.122034	.
1345	5061830	0	8.39235	.
1372	5674044	0	7.6933	.
199	441608	0	2.83656	.
1373	5674064	0	1.85776	.
58	1597	0	92.8612	.
332	486091	0	4.79614	.
20	726	1	116.275	.
545	506577	1	6.96258	.
208	442187	1	10.052	.
1667	7136703	0	5.98933	.
313	483168	0	21.7903	.
1058	1728864	1	15.0331	.
1216	3119099	0	3.68476	.
1217	3119142	1	2.29273	.
1059	1728906	0	1.20006	.
687	516694	0	9.41997	.
661	514994	0	75.7661	.
584	510011	1	38.9085	.
770	519786	0	8.77535	.
389	494161	1	32.6584	.
1310	4465667	1	2.44097	.
1237	3389346	0	23.7747	.
1311	4465766	1	22.4943	.
1312	4465767	1	16.9041	.
1236	3389344	0	22.4296	.
1293	4255282	0	0.802777	.
1318	4516818	1	1.42907	.
34	1073	0	0.805259	.
278	472224	1	0.017844	.
686	516597	1	1.87247	.
130	335464	0	2.48116	.
53	1467	1	235.909	.
1490	6767866	0	11.3478	.
1491	6767867	0	12.5841	.
867	774375	0	10.1093	.
866	774371	0	13.6672	.
461	501203	0	120.52	.
789	520350	0	106.205	.
870	775415	0	5.90291	.
379	493468	0	30.7866	.
378	493464	1	62.8747	.
467	501993	1	10.1144	.
1482	6727763	0	0.0906524	.
568	507959	0	2.50733	.
718	518099	0	1119.6	.
719	518100	1	1148.09	.
903	869254	0	34.7726	.
126	335315	0	5.16468	.
904	869256	0	15.1097	.
1409	6427012	0	1.45692	.
274	470591	1	0.439735	.
1457	6615790	1	35.4379	.
124	317317	1	14.4968	.
1501	6788391	1	2.42561	.
1456	6615751	0	0	.
983	1192945	0	2.548	.
980	1192928	0	5.27215	.
1304	4394612	1	5.66969	.
1302	4394600	1	5.65491	.
1305	4394617	1	0.105681	.
981	1192933	0	0.164948	.
1686	7192233	0	8.59834	.
543	506532	0	5.95291	.
829	577710	0	0.689705	.
744	518781	0	5.72939	.
1398	6321328	1	18.6438	.
71	1830	0	366.535	.
65	1736	1	241.37	.
383	493828	1	188.513	.
761	519232	1	253.517	.
597	510813	0	101.831	.
860	749613	0	21.8223	.
859	749612	1	1.4085	.
692	516909	1	5.22714	.
493	503509	0	196.856	.
527	505787	1	62.1339	.
994	1235669	0	3.18295	.
990	1225763	1	2.47149	.
1655	7128556	1	24.0272	.
471	502140	0	4.76727	.
109	288852	0	130.574	.
764	519347	0	245.944	.
280	474229	0	0.505439	.
33	1068	0	132.859	.
553	507116	1	44.4	.
763	519294	0	61.4114	.
1010	1398161	0	106.873	.
1009	1398144	0	112.046	.
1634	7089172	1	2.03759	.
514	505041	0	8.79226	.
876	803636	1	14.9379	.
634	513443	1	75.3067	.
539	506311	0	3.02061	.
877	803663	0	66.2523	.
1093	2033765	0	56.5014	.
1092	2033764	1	16.6238	.
1091	2012325	1	8.71766	.
1090	2012324	0	77.0873	.
1169	2733702	1	1.8819	.
1168	2733700	1	13.6317	.
800	521276	0	161.091	.
478	502507	1	99.3551	.
72	1831	1	7.51144	.
613	511931	1	52.8594	.
123	317300	0	22.5611	.
158	431365	0	29.6537	.
1279	4127025	0	29.2764	.
1284	4179244	0	16.3711	.
1278	4127024	1	13.7949	.
1285	4179245	1	20.2976	.
1420	6456141	0	0	.
826	556953	0	43.1488	.
825	556952	0	44.5047	.
824	556951	0	10.6171	.
823	556950	0	9.77991	.
988	1217022	1	6.40593	.
934	975641	0	8.02385	.
987	1216937	1	2.63482	.
935	975726	0	4.78614	.
561	507471	0	1.63721	.
233	446200	1	56.9903	.
913	892701	0	3.04895	.
910	889129	1	3.04895	.
1264	3914155	0	0.10363	.
1262	3895666	1	6.87568	.
1265	3914172	1	5.85368	.
1263	3895667	1	0.0457451	.
1346	5129612	1	9.42	.
1380	5878679	0	3.24954	.
1	351	0	373.691	.
1606	7064675	0	28.4527	.
639	513608	1	38.909	.
720	518218	0	50.093	.
399	495706	1	165.228	.
567	507958	1	208.288	.
1615	7088017	0	77.0038	.
1612	7088014	0	74.9567	.
1614	7088016	0	69.8338	.
1613	7088015	0	76.3241	.
459	501097	0	40.6724	.
261	468199	1	10.0993	.
1316	4509050	1	3.32189	.
1239	3415218	1	13.8905	.
1317	4509098	0	7.01727	.
1238	3415169	1	0.876072	.
49	1358	0	187.509	.
783	520150	1	47.2842	.
1659	7129272	1	0.0136188	.
272	469999	0	2.12953	.
560	507418	1	37.6504	.
1665	7134523	0	2.43684	.
1664	7134522	0	9.84612	.
1214	3117753	1	13.5007	.
1215	3117759	1	10.0707	.
1392	6306633	0	18.4461	.
1391	6306632	0	19.8405	.
577	508861	1	84.4541	.
790	520381	0	5.08879	.
359	490995	1	13.8955	.
701	517377	1	91.8562	.
273	470473	1	100.066	.
301	481890	1	8.45862	.
1620	7088573	0	3.56577	.
1631	7088765	1	5.92603	.
1630	7088762	1	0.157658	.
1633	7088767	1	3.67736	.
697	517167	0	8.50366	.
711	517835	1	93.1677	.
1636	7095518	0	0	.
1684	7178156	1	0.0784868	.
1685	7178215	1	102.174	.
257	465315	1	104.749	.
632	513282	1	36.2256	.
1050	1689013	0	4.64715	.
1209	3029211	0	3.47267	.
1049	1689012	0	3.22752	.
1210	3029212	0	2.62918	.
426	498228	1	1.18323	.
357	490488	1	110.036	.
296	478707	1	60.5487	.
1222	3154507	0	4.658	.
1223	3154536	0	3.88148	.
1227	3326951	0	1.03912	.
1134	2325397	0	1.05992	.
1172	2735835	1	0.409733	.
1173	2735871	1	1.06049	.
779	519972	1	80.9196	.
653	514579	1	366.144	.
794	520743	1	4633.74	.
760	519213	0	1446.49	.
536	506124	1	1.95604	.
176	440135	0	0.000662322	.
3	439	0	2488.78	.
6	466	0	5113.88	.
173	439327	0	0.0792376	.
432	498332	0	209.036	.
470	502139	1	179.446	.
205	441881	1	11.5122	.
1226	3251136	1	6.96751	.
1056	1727413	1	2.94983	.
1057	1727414	0	0.517928	.
1147	2456070	1	23.5029	.
1148	2456071	1	19.2648	.
809	521611	0	31.1622	.
139	355366	1	2.66558	.
240	446380	1	4.64818	.
94	284181	0	5.58381	.
1004	1334213	1	4.19447	.
1034	1605341	0	14.1162	.
160	431834	0	15.0793	.
1375	5725025	1	7.34695	.
1033	1605340	0	0	.
1270	3975905	0	11.3091	.
1275	4093590	0	20.2006	.
350	487497	0	2.37203	.
1274	4093559	0	3.81858	.
225	445821	1	1.59763	.
8	507	1	149.98	.
645	514007	0	0.746114	.
928	931179	0	5.36173	.
778	519962	1	19.5377	.
511	504925	1	82.3583	.
1290	4236272	1	0.215892	.
1288	4236268	1	0.57905	.
1064	1757054	1	14.7292	.
1329	4602613	1	4.70527	.
1287	4236267	1	0.114633	.
1292	4236275	0	1.21548	.
1291	4236273	0	2.15164	.
1289	4236270	0	6.02285	.
1330	4602615	0	25.0642	.
792	520578	0	45.8524	.
510	504896	1	11.5125	.
814	521836	1	72.8496	.
659	514844	1	18.9324	.
1313	4473994	0	5.22506	.
1574	7007830	1	0.229647	.
61	1671	0	1809.45	.
500	504240	0	421.766	.
305	482300	0	16.2675	.
232	446181	0	48.6446	.
41	1227	1	121.705	.
372	492102	0	10.8533	.
996	1235725	0	2.3724	.
992	1225819	0	0.420048	.
758	519148	0	34.7875	.
648	514346	0	81.4604	.
246	448894	0	6.35287	.
79	270715	1	49.9736	.
95	284264	0	53.1677	.
239	446308	0	0.883855	.
1675	7165726	0	6.21089	.
1427	6472172	0	32.2602	.
175	439945	0	10.8156	.
492	503506	0	46.5405	.
147	375579	1	21.7287	.
430	498324	1	0.0712013	.
1395	6316957	0	123.299	.
1384	6231648	1	132.301	.
1596	7049201	1	0.241684	.
1595	7049200	1	0.29408	.
1089	2000967	1	0.770338	.
464	501807	0	0.419705	.
1086	1999720	1	0.971067	.
1087	1999721	1	17.7293	.
1088	2000966	1	19.6887	.
1672	7151183	0	4.46506	.
570	508091	0	15.8981	.
856	739356	1	17.1675	.
853	726984	0	18.548	.
857	739357	0	0.581084	.
168	437945	0	0	.
1695	7210544	1	61.3798	.
1696	7210548	1	55.5728	.
26	949	0	126.1	.
254	463691	0	303.298	.
336	486388	1	286.803	.
722	518234	1	69.9196	.
1163	2701660	0	0.682758	.
1162	2701658	1	0.19508	.
797	520991	1	130.03	.
429	498254	0	15.9873	.
202	441735	0	1.4958	.
1702	7217431	1	9.36547	.
1701	7217430	0	23.8802	.
1703	7217433	0	41.7342	.
179	440947	1	5.77912	.
785	520224	1	42.0658	.
414	496559	1	27.6917	.
504	504285	1	71.6902	.
747	518861	1	67.3049	.
604	511188	0	5.71057	.
1698	7210585	0	36.3299	.
1697	7210582	0	18.0872	.
251	459079	0	13.1983	.
27	956	0	68.8509	.
370	492040	0	90.5361	.
700	517374	1	58.0329	.
810	521630	1	175.03	.
572	508150	0	95.0957	.
777	519935	0	60.727	.
1560	6946171	1	11.4287	.
1679	7166094	0	13.6221	.
1677	7166083	0	7.66064	.
1678	7166084	1	78.6875	.
1676	7165910	1	73.793	.
1666	7136548	1	35.888	.
408	496370	1	96.6974	.
1213	3109951	1	129.942	.
1212	3109948	1	130.703	.
1662	7130760	1	29.8344	.
1663	7130761	1	11.9011	.
468	502105	0	10.0642	.
326	484701	0	73.4726	.
1642	7116180	1	4.97826	.
1643	7116181	0	20.884	.
28	965	1	27.5906	.
248	451391	1	28.5386	.
64	1707	1	220.939	.
133	335563	0	0.352921	.
1484	6732462	1	1.10323	.
644	513857	1	3.19571	.
120	300499	0	140.372	.
735	518461	0	58.1311	.
62	1698	1	22.9213	.
655	514722	0	88.7383	.
1324	4582235	1	3.48104	.
1157	2616599	1	8.18856	.
1158	2616689	0	1.15939	.
1323	4582145	1	2.98275	.
1390	6299957	1	0.104344	.
5	461	1	236.888	.
647	514234	0	24.67	.
1039	1638740	0	27.0527	.
1098	2070486	0	19.3875	.
1041	1638801	0	1.25317	.
1097	2070484	1	7.2508	.
620	512737	1	8.59268	.
513	504995	0	10.2824	.
1497	6786215	1	10.0241	.
1487	6750805	1	12.3644	.
1498	6786281	0	16.3287	.
1486	6750738	0	53.2181	.
118	297175	1	28.1095	.
68	1819	0	63.2896	.
494	503510	1	8.26214	.
930	934339	1	1.93185	.
929	931180	1	2.30422	.
931	934340	1	0.506542	.
529	505853	1	254.859	.
234	446230	0	111.182	.
250	453434	0	35.6441	.
1164	2716441	1	0.409992	.
839	675380	0	1.30849	.
9	529	0	0	.
498	504144	1	112.599	.
625	513002	0	138.184	.
716	517922	1	3.07385	.
1135	2395638	1	7.17757	.
895	836814	0	12.4512	.
320	483649	1	2.33128	.
897	836884	0	22.5688	.
887	818033	0	0	.
452	500434	0	198.005	.
244	446677	1	132.785	.
670	515662	0	88.8622	.
1008	1379416	0	8.36326	.
961	1083236	0	10.6108	.
1007	1379374	1	2.28458	.
685	516451	0	58.1568	.
393	494548	1	75.6739	.
1440	6515201	0	6.57237	.
986	1195868	0	1.53343	.
974	1179659	1	1.53378	.
116	294440	1	0.352762	.
374	492456	0	0.678288	.
1650	7120801	0	49.32	.
1649	7120800	0	42.075	.
415	497202	1	167.226	.
499	504154	0	220.659	.
1081	1991691	1	37.9396	.
1078	1967349	1	20.1598	.
1079	1967363	1	21.0049	.
1080	1991677	1	24.372	.
181	441018	0	0.381275	.
1554	6913545	0	17.373	.
1551	6913542	0	49.3424	.
1553	6913544	0	46.1316	.
1552	6913543	0	23.4073	.
1647	7116200	0	0.898761	.
1644	7116188	0	1.15452	.
1700	7216301	1	43.8857	.
674	515894	0	34.7912	.
540	506342	1	34.0957	.
92	283974	0	59.395	.
1408	6387539	0	0.896333	.
80	271607	1	12.5973	.
646	514092	0	76.2621	.
311	483082	1	24.6664	.
599	510887	1	139.394	.
400	496026	1	24.5946	.
444	499054	1	1.71714	.
749	518894	1	402.484	.
752	518960	1	344.592	.
812	521812	0	11.4226	.
1447	6528890	1	42.1124	.
1431	6475753	1	35.9904	.
1430	6475750	1	64.0399	.
1448	6528952	1	68.5777	.
412	496427	0	0	.
262	468532	0	0	.
138	335707	1	267.958	.
25	946	1	472.793	.
854	737124	1	6.66704	.
1068	1810549	0	3.87413	.
855	737127	1	0.00924954	.
1152	2469987	0	11.4981	.
1067	1810542	0	3.44687	.
1151	2469980	0	4.23538	.
1503	6797284	0	8.43901	.
1504	6797285	0	8.83456	.
1005	1365958	1	13.2528	.
965	1099944	1	46.547	.
801	521310	1	5.89119	.
633	513409	1	39.5964	.
1225	3167727	1	0.311203	.
885	815754	0	0	.
902	869065	1	4.62662	.
901	869061	1	39.8012	.
683	516391	1	100.474	.
435	498361	0	85.4216	.
55	1500	1	821.31	.
91	283780	0	17.4579	.
762	519291	0	81.4795	.
417	497396	1	25.6843	.
206	442073	0	2.61472	.
773	519869	0	455.498	.
73	86535	0	110.918	.
166	436906	1	37.5888	.
76	210977	0	64.4394	.
1065	1807407	1	2.27447	.
335	486345	0	0.391785	.
1066	1807417	1	3.26994	.
1332	4640003	1	0.966687	.
724	518302	1	22.3856	.
401	496074	0	16.7989	.
590	510334	0	32.8134	.
1496	6780760	1	0.00023795	.
905	877165	0	18.4927	.
906	877171	1	21.2433	.
1016	1466325	0	0.531908	.
227	445890	1	34.2683	.
54	1471	0	192.78	.
1558	6920784	0	62.6989	.
1557	6920782	0	9.44966	.
135	335656	0	40.7835	.
207	442175	0	26.2748	.
338	486571	0	97.0924	.
1282	4155447	1	23.733	.
1281	4133774	1	20.6954	.
1280	4133751	1	57.3786	.
1283	4155470	1	59.6332	.
1207	2967759	0	13.6952	.
1204	2933398	0	12.1735	.
1205	2933399	1	1.38755	.
1206	2967758	0	16.3224	.
193	441517	0	36.4372	.
172	439177	0	70.1702	.
178	440770	1	4.77934	.
1125	2284020	1	7.77886	.
1112	2147984	0	6.64391	.
725	518303	1	0.366402	.
1126	2284021	1	6.5607	.
1111	2147983	0	6.44026	.
453	500509	0	33.057	.
86	281827	0	67.918	.
1309	4465666	1	9.17898	.
1295	4258913	0	28.311	.
1294	4258912	0	32.3958	.
1502	6788430	0	0.164013	.
1036	1629550	1	9.8635	.
1187	2814166	1	13.0854	.
1035	1629516	0	17.1299	.
1188	2814167	0	14.6884	.
1108	2125157	0	0	.
1406	6381711	0	9.60338	.
1415	6427949	0	10.7904	.
1414	6427913	0	5.46882	.
132	335548	0	6.09035	.
242	446405	0	19.3558	.
104	285399	0	5.51315	.
850	716381	0	0	.
1671	7150659	0	0.00434419	.
680	516247	1	52.0495	.
574	508825	0	29.2487	.
766	519495	1	7.80161	.
137	335699	1	68.9834	.
731	518398	0	416.815	.
371	492049	0	3.38159	.
1061	1746999	0	34.672	.
1055	1718196	0	1.31438	.
1062	1747026	0	2.33387	.
1063	1747030	1	56.6336	.
1053	1718165	1	35.4949	.
1052	1718161	1	2.02666	.
1054	1718192	1	12.7241	.
1060	1746995	1	15.2857	.
664	515545	1	183.587	.
140	359401	0	55.4538	.
951	1071287	0	3.48481	.
932	955525	0	0.457729	.
950	1071263	1	7.10045	.
933	955549	0	5.74722	.
1107	2114048	1	0.910226	.
795	520792	1	127.362	.
247	449351	1	67.9022	.
237	446238	0	41.6074	.
441	498789	0	85.2409	.
710	517797	0	9.29994	.
605	511284	1	2.00467	.
688	516826	0	1.17155	.
277	471449	1	0.0806501	.
819	523406	1	0.254425	.
820	523410	0	7.53893	.
87	281876	1	88.5937	.
390	494220	1	94.5873	.
85	278996	0	0.340969	.
90	283773	0	0	.
1145	2455453	0	3.22786	.
1306	4399773	0	4.45628	.
1146	2455474	0	17.3772	.
406	496336	0	52.0501	.
93	284041	1	17.2934	.
804	521458	1	56.9154	.
507	504410	1	72.1935	.
106	285769	1	48.3033	.
509	504674	0	39.498	.
1082	1994640	1	12.9786	.
1085	1994643	1	102.021	.
1084	1994642	0	149.079	.
1083	1994641	0	74.2235	.
1692	7207871	0	0.160008	.
1693	7207874	0	4.57884	.
1691	7207870	1	5.07335	.
1694	7207877	1	4.58969	.
421	498024	0	5.41812	.
115	294439	1	1.5456	.
517	505183	0	1.64207	.
1159	2652281	0	0.584809	.
197	441553	0	106.168	.
148	375608	1	129.966	.
119	300246	0	57.8294	.
324	484578	0	146.992	.
217	443874	1	63.9213	.
144	372456	0	38.9718	.
1327	4602610	1	12.3667	.
1326	4602608	0	2.95573	.
1328	4602612	1	2.42659	.
162	432946	0	0	.
535	506115	0	50.4433	.
171	439025	1	17.9534	.
969	1142311	1	41.6586	.
1032	1592032	1	24.7277	.
1031	1591999	1	4.19746	.
970	1142344	1	6.47084	.
183	441138	0	0	.
1155	2610914	0	26.5179	.
1156	2610915	0	64.6674	.
185	441207	0	24.7389	.
265	469399	1	223.681	.
402	496155	0	100.084	.
187	441398	0	27.4613	.
192	441508	0	0	.
212	442605	0	0	.
491	503484	1	26.6626	.
214	443127	1	31.2277	.
958	1082170	0	0.0516832	.
1272	3997083	1	0.378151	.
1559	6920944	1	0.686408	.
297	481711	1	9.875	.
218	443977	0	42.9748	.
1458	6621816	1	2.51934	.
437	498371	0	5.91494	.
1459	6621817	1	186.624	.
1255	3777860	0	0	.
1153	2481358	0	1.53384	.
622	512759	0	253.782	.
221	445683	0	67.5596	.
717	518019	0	276.655	.
231	446144	0	0	.
353	488431	1	16.6713	.
243	446590	0	76.8995	.
518	505185	1	28.346	.
1357	5249702	0	1.7242	.
1364	5512086	0	0.552961	.
1683	7171174	1	12.7146	.
704	517521	0	50.577	.
629	513141	0	130.17	.
481	502675	0	67.6951	.
815	521931	0	208.195	.
245	446723	0	0	.
298	481745	1	0.640618	.
249	452121	1	3.49658	.
355	490395	0	14.3089	.
818	522057	0	39.3796	.
1397	6321111	1	12.6325	.
1393	6314152	1	41.4911	.
1396	6321110	0	11.2839	.
405	496330	1	11.1059	.
373	492223	0	61.6092	.
255	463882	0	11.5057	.
1367	5614247	1	0.0879668	.
1347	5137936	1	0.216591	.
843	682744	1	5.00764	.
844	682745	1	1.16099	.
851	724488	0	1.07358	.
497	504051	0	39.2793	.
259	467689	0	26.5888	.
1711	7384233	1	1.13695	.
1710	7384232	0	2.22903	.
268	469657	0	0	.
865	762395	0	0	.
1438	6482268	1	13.9336	.
1437	6482265	1	23.7877	.
1435	6482256	0	100.663	.
1436	6482257	0	130.733	.
726	518326	1	83.323	.
407	496362	0	75.8089	.
290	476108	0	32.7347	.
482	502683	0	35.2698	.
1598	7050660	1	0.440765	.
270	469708	0	0	.
365	491887	1	80.1823	.
285	475590	1	54.4016	.
325	484698	1	53.3966	.
308	482776	1	118.944	.
959	1082740	0	62.8045	.
960	1082742	0	15.928	.
475	502189	1	62.7976	.
309	482808	0	44.6178	.
1129	2325385	1	5.76479	.
608	511556	0	0.0520699	.
1132	2325393	1	4.07621	.
322	484521	0	0	.
581	509298	0	95.7046	.
340	486657	0	56.1033	.
344	486887	0	0	.
637	513582	0	1.58159	.
433	498344	1	42.0512	.
346	487263	0	93.3078	.
480	502661	1	105.905	.
479	502519	0	48.568	.
356	490411	0	2.02527	.
1130	2325386	1	8.92317	.
1231	3326960	1	1.1988	.
684	516423	0	12.9397	.
361	491338	0	17.5275	.
1509	6806386	0	11.1747	.
1510	6806387	0	13.3757	.
675	515967	1	20.3799	.
398	495656	1	32.2686	.
366	491948	0	9.63499	.
367	491958	0	0	.
1522	6819309	0	1.11861	.
1517	6819170	1	7.01562	.
422	498072	1	1.65748	.
1521	6819297	1	1.49594	.
1166	2732462	1	0.042812	.
1161	2677925	0	1.33839	.
473	502161	1	0.161396	.
1455	6606041	0	9.17121	.
1452	6587418	0	19.0426	.
520	505377	0	0.538653	.
1453	6587419	0	11.9222	.
1454	6606040	0	4.42233	.
1626	7088673	0	1.77144	.
1616	7088486	1	0.880887	.
1627	7088717	0	8.55296	.
642	513755	0	46.7968	.
544	506546	1	25.8647	.
734	518454	1	19.2915	.
619	512688	1	25.1833	.
548	506940	0	111.895	.
1136	2400964	1	6.65381	.
984	1195079	1	4.10791	.
973	1178693	1	3.60311	.
985	1195095	0	0	.
1072	1810959	1	0.59603	.
1071	1810936	1	0.0287172	.
1184	2798936	0	0	.
1186	2808707	0	0	.
1319	4521646	0	17.8578	.
1235	3377698	0	20.3137	.
1320	4521647	0	1.93422	.
1234	3377683	1	0.533638	.
1321	4521662	1	5.11926	.
1233	3377682	1	2.45841	.
1243	3508223	0	0	.
1248	3728169	0	0.27953	.
1244	3603755	0	0.353726	.
1581	7017292	0	0.484733	.
1580	7017291	1	2.45983	.
1579	7017290	1	13.4551	.
1286	4229199	1	0.0880647	.
1325	4602607	0	0	.
1331	4604701	0	0	.
1335	4657435	0	0	.
1340	4869851	0	0	.
1369	5619075	0	5.19417	.
1343	5028011	1	1.97547	.
1368	5619070	1	2.28922	.
1342	5028006	0	4.18854	.
1348	5137937	0	0	.
1352	5206176	0	1.57864	.
1351	5206160	0	2.01968	.
1381	5939352	0	0.878525	.
1354	5232190	0	1.4841	.
1355	5235745	0	0	.
1376	5725041	1	1.33862	.
1356	5235761	0	1.45137	.
1361	5334525	0	0	.
1424	6470275	1	2.78548	.
1423	6470272	0	0.881941	.
1425	6470310	1	0.778053	.
1444	6520397	1	0.0691306	.
1441	6520356	1	2.54516	.
1426	6470313	1	2.48702	.
1433	6478975	1	0.668554	.
1429	6472521	0	0.407713	.
1449	6533762	0	0	.
1470	6694030	0	0	.
1471	6694085	0	0	.
1512	6808537	0	0.0429779	.
1511	6808499	0	0.473918	.
1489	6760681	1	2.95338	.
1488	6760643	1	3.53702	.
1573	6998963	1	5.31855	.
1571	6998777	1	36.6088	.
1572	6998851	1	33.2938	.
1570	6998769	1	6.70669	.
