# ContigOrdering file.  This file represents a ContigOrdering object, which describes an ordering of contigs within a Proximo cluster.
# See ContigOrdering.h for more documentation.
#
# Important numbers:
#	N_contigs	1660	(Number of contigs in the input cluster)
#	N_contigs_used	1660	(Number of contigs ordered by this ordering)
#	has_Q_scores	1	(Boolean: has orientation quality scores?)
#	has_gaps	0	(Boolean: have gap sizes between contigs been estimated?)
#
# Columns:
#contig_ID(local)	contig_name	contig_rc	orientation_Q_score	gap_size_after_contig
404	496243	0	1.47473	.
444	501745	1	37.551	.
370	491652	0	64.7946	.
628	514523	0	3.36897	.
1121	2400966	1	21.5105	.
1120	2400909	1	20.958	.
2	340	1	65.3153	.
679	516807	1	11.6814	.
275	470955	1	43.8519	.
245	460059	1	170.055	.
639	515034	1	156.87	.
616	513783	1	2.60588	.
508	506441	1	31.2518	.
719	518743	1	29.5565	.
1039	1967355	1	6.01425	.
1050	1991669	1	1.24278	.
1051	1991683	1	5.81066	.
1038	1967341	1	6.80253	.
531	507518	0	6.63901	.
494	505508	1	29.6496	.
165	435970	0	12.2528	.
148	376701	0	19.7043	.
590	512211	1	264.481	.
923	1170264	0	1.3153	.
1136	2532352	0	0.879874	.
924	1170319	0	0.771955	.
1137	2532407	1	1.60364	.
1354	5891868	0	23.6969	.
559	509888	1	265.803	.
447	501879	0	51.7992	.
1540	7071407	0	0	.
1083	2138298	0	9.35668	.
1105	2279968	1	5.02922	.
747	519733	1	12.5079	.
1103	2279948	0	14.0224	.
1082	2138278	1	0.837892	.
221	446291	1	82.1644	.
198	442260	1	96.0853	.
784	521972	0	52.9658	.
899	1006622	1	5.38938	.
880	901334	0	16.3632	.
879	901327	0	7.01088	.
898	1006615	0	1.77854	.
65	1357	0	45.4015	.
310	481923	0	63.7603	.
785	522071	1	144.797	.
1489	6818219	1	2.06536	.
1490	6818220	0	10.5721	.
1499	6926339	1	0.00842095	.
4	404	1	8.42798	.
497	505610	1	54.7288	.
503	506312	0	53.7181	.
578	511593	1	32.7103	.
337	486343	0	46.9591	.
876	860472	0	56.4471	.
865	839250	0	26.7997	.
864	839248	1	5.99232	.
1463	6694371	1	13.2586	.
1462	6694370	1	16.4949	.
760	520229	1	38.1746	.
1444	6536333	0	0.421288	.
546	508780	1	113.782	.
194	441905	1	42.7832	.
1591	7154394	1	64.707	.
1592	7154395	1	41.4525	.
1360	6017117	1	1.17395	.
551	509273	0	45.2737	.
566	510333	1	46.116	.
1536	7037255	1	653.573	.
1537	7037256	1	727.373	.
409	497053	1	57.1124	.
261	469611	0	12.4118	.
434	500009	1	142.211	.
814	675385	1	56.4426	.
813	675384	1	0.278621	.
1538	7049776	1	1.9728	.
1026	1891649	1	5.94801	.
1174	2906507	0	2.31077	.
1176	2906511	0	4.83795	.
630	514592	0	160.386	.
215	446185	0	151.654	.
1459	6674430	1	16.5807	.
1456	6652870	0	6.2606	.
1457	6652872	0	20.5002	.
1460	6674432	1	6.79545	.
1152	2669492	1	4.79636	.
1155	2669497	0	0.0861344	.
1153	2669493	1	2.20099	.
1596	7156533	0	3.88181	.
1579	7133026	1	10.3284	.
1595	7156530	0	17.3501	.
1580	7133030	1	2.70276	.
610	513474	1	80.7344	.
222	446310	1	97.3154	.
659	515948	1	603.9	.
676	516691	0	619.732	.
1168	2808706	0	0.346059	.
1089	2141905	0	1.61887	.
1088	2141902	1	2.97741	.
445	501823	1	29.0763	.
62	1333	0	501.516	.
805	634915	0	7.98056	.
768	520796	1	0.294867	.
806	634916	0	5.85663	.
652	515502	0	0	.
109	284926	1	4.88052	.
730	519241	1	53.5991	.
653	515511	1	84.3144	.
681	516830	0	60.7445	.
1378	6238102	1	0.508789	.
388	493755	0	0.513239	.
1380	6245896	0	0.887434	.
526	507361	0	40.5886	.
362	490875	0	84.5978	.
348	486931	1	102.097	.
427	498635	0	131.614	.
1182	3094723	1	8.90369	.
21	647	0	222.689	.
892	967712	0	13.4431	.
149	377354	0	5.15852	.
893	967713	0	4.57287	.
171	438068	1	0.961412	.
47	1130	1	92.6061	.
579	511699	1	124.704	.
1172	2846765	0	0.0124545	.
1220	3772881	1	4.41229	.
1219	3772873	1	23.1719	.
114	285742	1	24.3054	.
331	484738	0	9.5293	.
877	874945	1	5.09236	.
995	1610408	1	3.03062	.
678	516706	0	419.541	.
238	451606	1	338.853	.
1190	3188174	0	7.82533	.
1192	3188217	0	6.70807	.
25	701	0	5338.33	.
58	1260	0	560.1	.
530	507502	1	0.868201	.
973	1464858	0	4.63547	.
975	1477322	0	0.038503	.
976	1477323	0	3.63065	.
974	1464859	0	1.12318	.
1517	6990146	0	34.1418	.
1518	6990147	0	22.0651	.
585	511947	0	39.5667	.
302	481139	1	3.04849	.
993	1607182	1	38.2999	.
994	1607205	1	3.22286	.
840	731139	0	5.74728	.
839	731116	0	1.69488	.
1583	7139039	1	2.5513	.
1582	7138985	0	1.58059	.
431	498974	0	2.13218	.
197	442108	0	72.9826	.
450	502185	1	121.12	.
650	515420	0	35.1572	.
1524	7012099	1	11.3917	.
1523	7012098	1	7.77824	.
448	501998	0	35.9638	.
486	504647	0	3.30177	.
686	517160	1	61.9117	.
158	431797	0	20.2548	.
379	492163	1	97.8108	.
428	498693	0	103.493	.
765	520404	1	92.7719	.
132	365218	1	5.86137	.
771	521090	1	31.7343	.
1521	7002387	0	0.35623	.
1408	6363256	0	0.855601	.
1407	6363255	1	2.56528	.
1522	7002426	1	2.50238	.
1240	4039569	1	0.678101	.
1237	3994796	1	1.73439	.
933	1209054	1	10.7773	.
901	1018973	1	6.35762	.
900	1018972	1	5.08802	.
573	511065	0	0.118848	.
934	1209055	1	5.82287	.
1608	7178090	1	1.01433	.
344	486706	0	8.09774	.
822	714565	1	10.0519	.
657	515710	0	2.55532	.
823	714569	1	26.9809	.
437	500578	1	105.719	.
581	511763	0	128.726	.
38	995	1	172.388	.
875	850802	0	4.66733	.
873	847960	1	4.74006	.
800	607044	0	0	.
464	503263	0	39.923	.
27	728	0	87.5541	.
1651	7392787	0	0.900476	.
1649	7391773	1	5.86336	.
1648	7391767	1	4.68288	.
1650	7392781	0	0.88683	.
64	1350	0	1140.11	.
60	1277	0	769.145	.
1194	3205846	1	12.3221	.
1361	6044364	0	25.4732	.
298	479986	0	0.460366	.
386	493697	1	9.40084	.
715	518688	0	15.3742	.
1589	7145285	1	2.41178	.
1590	7145287	1	0.680166	.
824	714589	0	0.734918	.
708	518306	0	48.4706	.
174	438896	1	43.9461	.
1278	4657436	0	0.263501	.
11	520	0	1536.48	.
70	1411	0	2521.12	.
1122	2429543	0	11.1808	.
1090	2157861	0	0	.
1100	2274364	0	9.49197	.
571	510996	1	27.5776	.
397	495521	0	44.7192	.
555	509525	0	76.5157	.
862	787683	0	12.1469	.
1629	7207681	0	53.6863	.
1628	7207680	0	52.8792	.
861	787682	0	9.86989	.
523	507118	0	0.63919	.
920	1125274	0	21.3522	.
542	508014	1	8.46533	.
919	1125232	0	8.86057	.
101	282005	1	12.9176	.
232	448677	1	19.1943	.
763	520334	0	131.04	.
326	483517	1	141.553	.
1346	5690244	1	19.7139	.
1318	5095581	1	8.10387	.
1347	5690245	0	7.62713	.
1317	5095580	0	17.5321	.
332	485227	1	68.2977	.
810	649147	1	59.1768	.
809	649145	1	11.891	.
5	423	1	2.93507	.
1006	1674199	1	2.12352	.
1005	1674168	1	9.1887	.
1045	1984108	0	7.40234	.
1047	1984140	0	2.72761	.
345	486867	0	118.608	.
774	521327	0	93.2324	.
1251	4262433	1	33.8964	.
1123	2452115	1	34.031	.
1252	4262434	0	0.141622	.
414	497487	1	1.81529	.
595	512603	0	35.289	.
703	517915	0	398.992	.
1259	4429516	1	7.31931	.
970	1463063	1	3.17648	.
969	1463042	1	15.9209	.
1260	4429537	1	18.6889	.
716	518701	0	126.999	.
516	506861	0	228.304	.
543	508193	0	111.344	.
1297	4805397	1	18.4073	.
1289	4724446	1	15.364	.
1290	4724447	0	1.29986	.
1296	4805396	1	0.490286	.
1505	6950983	1	0.280653	.
1504	6950955	0	0.965858	.
1503	6939339	0	9.86611	.
351	487739	1	1033.37	.
512	506706	1	62.0087	.
30	758	0	1180.69	.
403	496186	0	2.21836	.
759	520205	1	86.3147	.
1269	4544280	0	5.58486	.
1200	3412426	1	10.4896	.
1268	4544240	0	10.3589	.
1201	3412427	0	4.37874	.
738	519464	1	17.2791	.
188	441313	1	9.36453	.
1494	6873412	0	0.960469	.
6	475	0	77.6836	.
481	504160	0	80.158	.
570	510991	0	229.931	.
753	519938	0	64.8821	.
1196	3205901	0	6.59202	.
1191	3188178	0	6.99972	.
1229	3874133	1	2.00643	.
1058	2009408	0	1.75575	.
1059	2009409	0	2.49385	.
1228	3874132	1	2.79241	.
654	515573	1	4.35379	.
389	493819	0	0.777868	.
106	283992	1	23.9074	.
170	437848	1	14.713	.
406	496429	1	5.21058	.
1064	2049972	1	4.3624	.
959	1358816	1	4.79543	.
960	1358820	1	3.84354	.
1063	2049968	1	4.06994	.
701	517727	1	6.55129	.
1052	1993272	1	1.41852	.
1053	1993273	1	4.38875	.
532	507523	1	17.9638	.
195	441992	1	96.5788	.
435	500432	0	2.87332	.
449	502141	1	6.70227	.
402	496081	0	201.763	.
620	514181	1	255.58	.
99	281602	1	34.9509	.
163	434262	1	96.1203	.
360	490689	0	308.602	.
209	445460	0	49.2043	.
328	484224	0	103.231	.
451	502500	1	230.126	.
721	518774	0	18.2566	.
1525	7013880	1	7.74866	.
142	375552	1	108.976	.
544	508353	1	217.392	.
8	485	1	4.63566	.
1154	2669496	1	0.14166	.
1149	2629947	1	6.5655	.
586	512131	0	2.22685	.
1148	2629946	1	2.54678	.
1508	6968978	1	7.45128	.
119	294223	0	52.052	.
477	504023	1	100.915	.
478	504101	1	170.914	.
1060	2034690	0	19.8479	.
1062	2034699	1	0.73155	.
853	763663	0	0	.
1178	2963851	1	44.3374	.
1177	2963850	1	38.0553	.
519	506939	0	84.8495	.
674	516612	1	74.9019	.
812	675379	1	3.30513	.
811	675378	1	8.41037	.
1393	6300654	0	0	.
1392	6300653	1	4.48029	.
1391	6300652	0	0.82392	.
1390	6300651	0	18.8645	.
1388	6300646	0	10.3349	.
607	513308	0	3.96598	.
263	469888	0	27.4723	.
1394	6300658	1	26.1268	.
645	515151	1	10.0073	.
1395	6300659	1	33.4516	.
954	1340489	1	5.24946	.
951	1338384	0	28.6887	.
956	1340530	1	25.0024	.
949	1338343	1	17.8847	.
280	472204	1	91.7164	.
279	472196	0	60.4014	.
1266	4516647	0	9.77506	.
1254	4293765	1	10.5888	.
1253	4293735	1	19.1318	.
1265	4516616	0	21.2499	.
528	507410	1	5.56112	.
1195	3205851	1	0.449243	.
576	511359	1	83.4922	.
500	506004	0	36.9966	.
425	498455	0	4.43138	.
422	498347	0	77.5307	.
724	518827	1	70.5294	.
783	521957	0	6.36927	.
1417	6411474	0	39.6873	.
1412	6373031	0	31.8261	.
1411	6373030	0	31.8494	.
1418	6411475	0	39.8017	.
1335	5494970	0	0.244685	.
1306	5022618	1	0.244235	.
1308	5022629	0	0	.
1309	5022630	0	0	.
1527	7013882	0	16.4441	.
246	461804	1	17.5576	.
1528	7013883	0	43.6512	.
599	512877	1	33.4719	.
113	285343	0	1.723	.
97	275227	0	0	.
349	487250	1	0.72368	.
78	1543	0	321.492	.
13	556	0	47.7087	.
1046	1984139	1	0.859273	.
1004	1674167	1	0.33133	.
1007	1674200	1	1.99956	.
1044	1984107	1	2.64617	.
164	435667	0	0.348355	.
294	478091	0	33.3381	.
1246	4185945	1	5.02643	.
167	436377	1	6.07253	.
307	481590	0	8.91397	.
122	294861	0	25.8593	.
541	507970	0	267.024	.
347	486890	1	249.757	.
804	634903	0	16.5746	.
421	498154	1	2.50316	.
803	634896	0	78.0767	.
709	518422	1	131.216	.
303	481143	1	45.1302	.
916	1095474	1	1.20383	.
917	1095518	1	0.275199	.
1428	6478938	1	0.166175	.
3	347	0	172.932	.
1610	7181983	1	2.68512	.
1611	7184254	1	1.0755	.
1612	7184255	0	5.06038	.
1609	7181982	0	2.18143	.
454	502672	0	51.0177	.
110	285085	0	3.40294	.
134	368498	1	10.6736	.
251	464056	1	5.1766	.
354	488164	0	5.73036	.
773	521224	1	65.2431	.
638	514996	0	95.4141	.
1130	2500980	1	0.112026	.
1129	2494201	1	1.64308	.
247	462333	0	0	.
732	519295	0	7.08475	.
289	475823	1	0.203473	.
77	1514	0	0.0721298	.
76	1503	1	23.0219	.
1282	4669320	0	5.97794	.
872	841945	1	6.47289	.
867	839867	1	18.6744	.
871	841902	1	46.0462	.
334	485609	1	320.719	.
346	486889	0	369.636	.
1061	2034696	1	62.3342	.
1655	7399222	0	0.687121	.
1652	7398010	0	3.87581	.
1653	7398154	0	1.52077	.
1654	7399079	1	10.4466	.
10	516	0	35.7506	.
895	994486	1	19.3906	.
883	911966	0	22.8551	.
897	994501	0	2.18236	.
1451	6621083	1	1.72975	.
940	1262332	0	0.70422	.
939	1262317	0	6.03953	.
1452	6621096	1	3.32746	.
518	506938	1	36.1047	.
577	511385	1	34.5122	.
396	495380	1	64.5788	.
510	506477	0	56.549	.
49	1160	0	42.3743	.
1181	3077657	1	0.00549184	.
423	498358	0	146.977	.
472	503507	1	4.22094	.
1319	5119540	1	22.5331	.
1352	5793030	1	19.558	.
1320	5119598	0	12.2544	.
1351	5792972	0	11.4846	.
276	471330	1	193.422	.
268	469965	0	190.195	.
1245	4118764	1	0.458495	.
17	590	0	0.160017	.
1247	4189580	0	0.323155	.
1244	4118757	0	0.143478	.
702	517839	1	15.6852	.
324	483063	1	10.3464	.
561	510031	1	49.4601	.
1486	6792673	1	13.4851	.
1480	6766947	0	1.75913	.
1479	6766880	1	4.06903	.
269	470417	1	13.7513	.
655	515583	0	78.2644	.
355	488646	1	17.2993	.
1033	1940497	1	3.75865	.
1236	3945091	1	2.72623	.
1235	3945083	0	4.3726	.
1032	1940490	1	4.61822	.
1135	2530299	1	7.56631	.
1133	2518357	0	13.5083	.
1134	2530298	0	5.15756	.
1132	2518356	1	0.617942	.
1561	7102650	0	1.81487	.
1560	7102581	1	12.1945	.
757	520132	0	264.748	.
689	517340	1	80.0546	.
24	663	1	78.8958	.
1616	7191908	0	69.7119	.
1619	7191915	0	8.53469	.
1618	7191913	1	13.3784	.
1617	7191909	1	51.5192	.
233	448878	0	93.6889	.
392	493983	0	568.813	.
1621	7191929	0	39.5445	.
1620	7191924	0	18.706	.
1623	7192207	0	24.0679	.
1530	7027387	0	2.46117	.
1531	7027417	0	2.57363	.
242	457864	0	123.053	.
323	483020	1	67.4445	.
126	309130	1	3.54834	.
1030	1906878	0	0.150484	.
1035	1948193	1	1.31059	.
191	441512	1	5.90905	.
1221	3778496	1	5.59158	.
1222	3778518	1	19.5742	.
399	495702	1	69.7495	.
483	504380	1	170.757	.
680	516814	1	17.7928	.
1326	5286145	1	109.547	.
1325	5286144	1	64.5398	.
1529	7019173	0	0.754829	.
1223	3796816	1	2.06405	.
1224	3796817	1	108.448	.
1225	3796856	1	107.491	.
1087	2141900	0	0	.
1099	2274292	1	1.23084	.
1091	2157934	1	9.13619	.
553	509442	1	81.4451	.
335	486213	1	36.2106	.
758	520182	0	90.755	.
57	1242	0	138.632	.
1262	4452091	0	25.6838	.
1261	4452048	0	29.4182	.
1263	4452092	0	0.0152897	.
1179	3001414	0	1.16887	.
9	489	0	187.943	.
320	482975	1	3.79602	.
564	510154	0	87.0893	.
312	482281	0	58.9212	.
1163	2771558	1	0.483942	.
1256	4353830	1	16.4417	.
996	1613982	1	22.7305	.
208	445123	1	19.0503	.
698	517599	1	24.1245	.
1255	4353826	0	12.7375	.
997	1613986	0	17.4725	.
1597	7160819	1	18.3426	.
1599	7161046	1	2.23644	.
383	493401	1	5.3033	.
1598	7161045	1	38.7168	.
935	1212311	1	0.897214	.
929	1202565	0	15.4314	.
540	507967	0	10.013	.
341	486570	0	5.60842	.
157	431566	0	0.978384	.
1639	7216945	0	6.01833	.
556	509634	1	0.395506	.
1640	7216947	0	3.65694	.
694	517435	0	0	.
145	376410	0	11.2321	.
509	506465	1	10.2483	.
1331	5480591	0	8.60284	.
1330	5480590	0	6.55585	.
1553	7095122	0	15.2486	.
1554	7095123	0	69.663	.
384	493457	0	144.652	.
385	493470	1	138.921	.
675	516667	1	27.6021	.
958	1358474	0	18.1075	.
963	1373753	0	3.08427	.
962	1373752	1	5.30346	.
957	1358472	1	5.60081	.
909	1048069	0	16.3991	.
906	1044600	0	16.3716	.
745	519657	1	202.7	.
18	611	1	76.2166	.
317	482894	1	27.9742	.
190	441475	1	24.3516	.
1029	1897046	0	1.59361	.
627	514488	1	15.9307	.
292	476122	1	3.8454	.
1302	4883476	0	3.053	.
63	1337	0	0	.
199	442575	0	13.0655	.
743	519568	1	3.82875	.
413	497360	0	99.96	.
567	510398	1	34.6245	.
474	503767	0	0	.
770	520895	1	46.3284	.
229	446854	1	74.321	.
742	519561	0	25.51	.
1362	6083355	1	1.66389	.
1232	3920926	1	0.0607907	.
305	481371	1	0.624082	.
273	470634	0	0.23522	.
513	506739	0	77.9936	.
393	494088	1	16.5888	.
535	507695	1	46.3695	.
1381	6245897	1	6.50552	.
1403	6344835	1	9.57865	.
1402	6344831	1	5.62728	.
502	506067	0	6.67527	.
1405	6345103	0	10.1457	.
1404	6345068	1	2.3553	.
53	1222	1	112.783	.
1119	2384540	0	0.161415	.
1118	2384507	0	0.900635	.
832	716267	0	40.0667	.
831	716266	1	64.5193	.
830	716264	1	20.6546	.
415	497632	1	47.7345	.
635	514909	0	46.4174	.
912	1074926	1	15.2248	.
964	1410307	1	13.2113	.
469	503395	1	0.0830697	.
90	215374	1	0.686662	.
1365	6090748	1	0.980729	.
739	519485	1	244.568	.
43	1057	1	37.9452	.
1506	6953330	1	3.02444	.
248	462789	1	25.0597	.
820	700177	0	19.9072	.
818	700175	0	2.8301	.
817	700174	0	11.7069	.
819	700176	1	5.75368	.
89	209474	0	2.23952	.
766	520719	1	22.5317	.
931	1202595	0	2.91344	.
937	1212341	0	0.626188	.
932	1202634	1	4.03115	.
938	1212380	0	5.95776	.
705	517994	0	6.24321	.
549	509134	1	3.64004	.
1353	5822860	0	0.297077	.
237	451480	1	21.5992	.
201	443446	0	22.0512	.
582	511854	1	2.68124	.
1341	5558540	1	7.46531	.
59	1265	0	0	.
1226	3799278	1	3.31597	.
1227	3799285	1	15.4089	.
443	501362	1	28.0573	.
146	376567	1	644.502	.
214	446059	1	868.893	.
240	452695	0	150.718	.
642	515111	0	144.081	.
782	521934	0	3.43446	.
143	375581	0	39.1191	.
710	518426	1	12.6465	.
259	469490	0	0.299434	.
591	512216	0	46.6648	.
691	517352	0	46.1114	.
1218	3749223	0	0.892324	.
36	862	0	17.7161	.
1469	6717100	1	21.6499	.
311	482156	0	48.4355	.
749	519743	0	7.36657	.
293	476137	1	186.488	.
371	491888	1	189.827	.
1031	1906883	1	2.56628	.
1034	1948188	1	1.25965	.
16	586	0	30.8758	.
662	516113	1	97.7317	.
318	482913	0	4.33985	.
608	513330	1	73.0718	.
1636	7210546	1	59.1198	.
1637	7210547	1	30.3071	.
696	517566	0	52.2478	.
260	469589	1	2.95748	.
271	470505	1	10.5182	.
828	714809	0	0	.
714	518621	0	54.1602	.
390	493846	0	4.66654	.
829	714821	1	16.6097	.
137	372422	0	1.20537	.
593	512460	1	36.1132	.
1630	7207842	0	14.0871	.
1631	7207843	0	12.3896	.
1310	5045600	0	0.231412	.
73	1470	1	23.4849	.
1400	6310801	1	8.84259	.
470	503449	1	64.7003	.
22	649	1	137.022	.
1374	6210128	1	75.6444	.
1377	6213563	1	55.8416	.
1375	6210129	0	24.8519	.
1376	6213562	0	21.6654	.
1142	2559356	1	4.27839	.
1022	1862365	0	12.4223	.
1143	2559357	1	36.5076	.
727	519032	0	64.2271	.
514	506776	0	70.3804	.
115	291323	1	61.8485	.
1241	4043673	0	0.286988	.
713	518567	0	72.0212	.
147	376578	0	18.9743	.
1336	5494971	0	0	.
1401	6314153	0	40.9779	.
314	482785	0	38.6427	.
695	517527	0	9.86516	.
547	508852	1	13.2165	.
735	519357	1	32.8494	.
750	519767	1	15.1224	.
1249	4199613	0	6.31682	.
189	441375	1	0.0819705	.
1248	4199602	0	8.29436	.
475	503818	1	116.043	.
151	378737	0	7.45617	.
670	516534	0	44.8401	.
1647	7274665	1	7.07068	.
1644	7274337	0	1.51513	.
1646	7274656	0	12.9721	.
1645	7274347	1	6.24738	.
1396	6309814	1	3.43151	.
1399	6309817	1	0.662817	.
1397	6309815	0	9.24007	.
1398	6309816	1	17.0807	.
918	1124126	0	0	.
598	512757	0	67.8069	.
200	443186	1	44.1178	.
161	432496	0	37.9498	.
629	514564	0	121.122	.
482	504324	0	17.8006	.
133	368458	1	14.6293	.
583	511945	1	164.914	.
1471	6717389	0	4.39081	.
336	486215	0	1.06932	.
1470	6717149	0	5.02867	.
1472	6717439	0	0.73957	.
601	512943	0	7.35239	.
767	520735	1	137.215	.
241	457804	1	164.174	.
309	481908	0	96.2029	.
85	1776	1	8.05241	.
281	472214	0	22.137	.
129	335401	0	162.849	.
569	510983	1	121.639	.
499	505942	1	323.955	.
300	480955	1	88.545	.
169	437529	0	38.989	.
401	495990	1	138.45	.
596	512667	1	32.9014	.
1643	7220518	0	6.56428	.
1642	7220032	0	5.68864	.
1175	2906510	0	5.20545	.
887	921362	0	2.12222	.
1025	1891648	1	0.288801	.
890	921924	0	3.76519	.
1023	1891644	0	5.92248	.
1094	2204863	0	0.706691	.
889	921923	1	5.80896	.
888	921391	1	6.12048	.
179	439584	0	49.8515	.
296	478995	1	95.8116	.
342	486600	1	44.0664	.
712	518515	0	11.0073	.
723	518807	1	164.736	.
797	598751	1	5.48065	.
166	436083	0	7.47341	.
103	282687	0	40.7343	.
357	489720	1	7.26848	.
1106	2291882	1	2.74321	.
1557	7099045	0	7.1565	.
1107	2291885	1	2.14168	.
1558	7099049	1	1.21646	.
258	469422	1	9.81254	.
1433	6496540	0	22.7208	.
1436	6496543	0	2.5016	.
1438	6504988	1	0.00104048	.
50	1183	0	201.269	.
432	499082	0	4.57444	.
1068	2085415	1	83.955	.
1065	2068010	1	77.7936	.
1066	2068075	1	22.8365	.
1067	2085349	1	28.3925	.
1193	3188221	0	0	.
1458	6658628	1	2.45594	.
1419	6437396	1	4.05459	.
1420	6437398	1	5.98639	.
744	519630	1	63.0999	.
507	506425	0	153.947	.
1575	7119082	1	85.9325	.
1576	7119083	1	15.775	.
369	491315	0	3.4608	.
0	321	1	93.1941	.
1014	1727795	1	21.3226	.
1015	1727797	0	3.10462	.
1128	2494183	1	2.02468	.
1131	2500997	1	1.91059	.
1349	5691654	0	1.11959	.
1324	5252841	1	3.25135	.
1348	5691652	1	5.86295	.
35	855	1	43.24	.
529	507456	0	37.7945	.
594	512598	1	41.2807	.
1466	6700058	1	3.67442	.
992	1590505	1	1.11697	.
253	464372	0	79.933	.
496	505552	0	80.2828	.
623	514365	0	121.948	.
468	503313	1	128.52	.
156	431565	1	98.9814	.
697	517586	1	4.02612	.
1387	6297344	1	19.8509	.
417	497781	0	19.5695	.
525	507222	1	35.6226	.
769	520814	0	104.365	.
1453	6624976	1	6.86864	.
442	501288	1	3.06817	.
1454	6624978	1	8.84656	.
452	502534	0	69.1461	.
313	482640	0	40.6474	.
1104	2279949	1	11.8214	.
915	1082108	0	5.69515	.
632	514752	0	208.11	.
283	472239	0	182.628	.
1574	7117669	1	0.711747	.
1571	7117664	0	15.2175	.
1572	7117665	1	16.3161	.
1573	7117668	1	17.4626	.
178	439397	1	36.7342	.
152	417312	1	156.504	.
368	491188	1	145.697	.
1036	1965460	1	12.8078	.
1037	1965469	1	15.9249	.
971	1463720	1	2.06514	.
983	1482978	1	0.388556	.
984	1483005	0	2.1142	.
972	1463747	0	0.605432	.
1498	6919272	1	7.28482	.
658	515756	1	78.3871	.
380	492166	0	2.36427	.
565	510268	1	10.3938	.
1112	2323260	0	2.05018	.
1093	2178011	0	2.98681	.
1092	2178010	1	1.5371	.
1113	2323261	1	2.97025	.
476	504008	0	23.3019	.
614	513606	0	83.3892	.
39	1015	0	71.0045	.
517	506921	0	133.342	.
688	517291	1	136.235	.
874	847972	1	0.388312	.
438	500863	1	31.9826	.
515	506816	1	51.259	.
687	517247	1	14.4422	.
1357	5964694	1	5.06457	.
1363	6089654	1	12.2187	.
1358	5964702	0	1.08048	.
1364	6089662	0	0.230702	.
1301	4881113	1	0.769267	.
1299	4881076	1	2.41446	.
1298	4881073	1	4.97088	.
1300	4881110	0	2.45297	.
479	504140	0	30.6492	.
463	503182	0	20.1848	.
1578	7128268	0	27.3388	.
1577	7128264	0	1.66814	.
226	446651	0	2.16902	.
23	653	0	350.849	.
40	1035	1	173.049	.
825	714665	0	0	.
1422	6448149	1	12.5464	.
788	522223	0	15.2538	.
711	518466	1	53.1346	.
325	483283	0	102.152	.
780	521777	1	114.263	.
600	512939	1	30.7773	.
459	502985	1	34.8147	.
882	911962	0	1.82253	.
894	994482	0	4.58685	.
896	994497	0	3.29392	.
884	911977	0	13.6928	.
885	911981	1	7.61599	.
722	518778	0	278.119	.
426	498564	0	29.7739	.
252	464231	1	98.6761	.
734	519335	0	76.0678	.
227	446652	0	35.0057	.
827	714741	1	71.0398	.
826	714726	1	104.001	.
989	1535901	0	6.07289	.
990	1535965	0	5.83106	.
1231	3908223	1	3.41734	.
1027	1895426	1	4.35528	.
1230	3908218	0	15.5141	.
1028	1895431	0	14.6725	.
1526	7013881	1	26.3951	.
285	474735	0	437.614	.
235	450534	0	110.596	.
706	518192	0	48.2721	.
34	819	1	79.5126	.
1212	3646178	1	17.1706	.
270	470471	0	8.24668	.
1213	3646197	1	3.585	.
521	507084	0	0	.
239	452620	0	25.0061	.
102	282671	0	91.0123	.
203	443968	0	46.1156	.
218	446221	1	2.75663	.
952	1338914	1	1.63457	.
953	1338915	0	0.303349	.
144	375603	0	9.43707	.
1332	5480625	1	0.157487	.
183	440957	0	0	.
1635	7209627	1	1.78587	.
375	492030	0	10.2052	.
374	492024	0	4.39904	.
79	1545	0	44.2018	.
1477	6739222	0	11.5085	.
1478	6739224	0	16.4815	.
977	1478413	0	0	.
1125	2461371	1	91.4452	.
1114	2351931	1	84.2404	.
1124	2461319	0	107.043	.
1115	2351983	0	37.1127	.
755	519989	0	24.19	.
1570	7110709	0	5.63019	.
1203	3480297	1	25.8596	.
1257	4354576	0	24.3249	.
1258	4354652	1	1.83636	.
1204	3480374	1	19.6906	.
467	503312	1	8.08666	.
48	1142	1	361.684	.
1614	7187613	1	0.587011	.
1615	7189831	1	3.28139	.
1613	7187533	1	2.19611	.
458	502984	0	48.8763	.
617	513825	1	4.13726	.
1585	7143450	1	27.6752	.
1586	7143451	0	6.21893	.
1588	7143603	1	8.53354	.
162	433458	1	67.0824	.
93	238375	1	4.0206	.
394	494472	1	4.8644	.
913	1074927	1	2.74275	.
1519	6990390	1	15.9006	.
1520	6990640	1	13.6375	.
7	480	0	15.838	.
1024	1891645	0	38.898	.
683	516958	0	117.101	.
460	503023	1	212.285	.
725	518889	1	127.382	.
1594	7154517	0	20.1283	.
1593	7154516	0	3.22449	.
1019	1833164	1	0.845861	.
254	464707	0	4.59318	.
793	579913	1	1.83959	.
666	516380	0	139.54	.
220	446273	1	56.6659	.
66	1364	1	218.018	.
838	729005	0	1.12626	.
187	441195	1	31.8068	.
41	1043	1	21.4336	.
1288	4687758	1	0.00753523	.
1287	4687715	0	1.34591	.
1197	3246972	1	3.25176	.
1198	3247014	1	3.47562	.
1559	7102090	0	22.3724	.
575	511291	0	114.086	.
267	469962	0	3.26057	.
121	294651	0	0	.
264	469892	1	28.5315	.
112	285306	1	33.4133	.
26	709	1	72.228	.
568	510535	0	106.849	.
291	476114	1	0.535589	.
1461	6691366	0	0.42312	.
211	445900	1	29.835	.
751	519852	1	75.1317	.
808	646639	0	1.97736	.
807	646638	0	43.9546	.
693	517423	1	404.697	.
776	521530	0	434.048	.
306	481374	1	134.714	.
338	486349	0	29.0058	.
761	520293	0	42.1452	.
640	515035	0	22.8665	.
244	459916	0	18.7731	.
140	372558	1	37.8688	.
488	505168	0	122.958	.
1534	7033330	1	0.531915	.
1512	6972050	1	0.992349	.
1510	6971986	1	0.514505	.
1535	7033394	0	2.14955	.
795	598389	1	6.12921	.
796	598391	0	2.45647	.
794	598388	0	7.59403	.
572	511055	0	15.9178	.
787	522152	0	30.5655	.
736	519444	0	12.205	.
851	762095	1	12.4731	.
852	763600	1	3.04303	.
850	762033	1	2.98504	.
1507	6959959	0	4.43112	.
1514	6987682	1	0.107433	.
407	496490	0	21.6003	.
849	754173	0	4.94352	.
988	1535895	0	0.0988712	.
1450	6617457	1	1.47202	.
1449	6617392	1	3.24795	.
987	1535889	1	9.83786	.
538	507947	1	166.401	.
205	444105	1	269.792	.
775	521402	0	35.6954	.
118	294219	0	0.411022	.
117	292069	0	95.1141	.
669	516470	1	221.695	.
487	504991	1	256.564	.
484	504527	1	2.11674	.
1488	6797283	0	9.75177	.
1487	6797282	0	7.93585	.
278	471772	1	71.9552	.
726	519011	0	111.926	.
111	285294	0	31.977	.
96	270437	1	13.7998	.
779	521700	1	76.708	.
606	513230	1	1.07844	.
98	278671	0	35.918	.
173	438407	0	20.2036	.
224	446608	0	8.8769	.
128	317144	0	0	.
339	486361	1	31.107	.
456	502747	0	82.9771	.
231	447343	1	56.1664	.
168	436545	1	13.034	.
172	438256	0	35.768	.
284	474657	0	21.6995	.
457	502975	0	8.33023	.
748	519734	1	8231.72	.
746	519667	0	7937.07	.
1495	6915006	0	2.15162	.
1496	6915092	0	1.27296	.
29	757	1	2.4801	.
1497	6919187	0	18.8805	.
881	904450	0	0	.
123	294952	0	9.10953	.
125	303368	1	27.009	.
504	506314	0	29.7195	.
522	507113	0	1.37038	.
792	549307	0	43.3542	.
791	549306	0	0.656532	.
1500	6926635	1	3.69195	.
1501	6926637	1	0.654744	.
1502	6926638	1	3.40278	.
88	202394	0	2.77063	.
68	1391	1	25.7144	.
287	475288	0	18.7348	.
308	481714	0	9.84035	.
1286	4677622	1	2.89494	.
1285	4677612	1	0.496292	.
1276	4640680	0	0.465262	.
604	513034	0	11.9677	.
364	490935	1	4.60172	.
353	488158	1	80.4702	.
395	495254	0	26.431	.
1513	6979619	1	0.000943774	.
20	645	0	0.190192	.
1548	7088196	0	0.0249009	.
82	1643	1	1.77977	.
1546	7088191	1	0.024983	.
180	439884	0	2.48061	.
91	225182	1	1.08808	.
945	1292400	0	4.10061	.
700	517724	1	83.201	.
550	509178	1	5.36501	.
441	501184	0	63.8747	.
492	505443	1	153.191	.
534	507602	1	25.9748	.
1551	7088369	1	9.78641	.
1545	7088188	1	10.9109	.
1547	7088193	0	13.3856	.
1549	7088364	0	24.3268	.
609	513453	1	30.2654	.
243	458233	0	7.09275	.
925	1172337	0	1.07964	.
911	1058513	0	7.76293	.
910	1058445	0	4.72789	.
926	1172342	1	0.374452	.
1539	7064681	1	16.405	.
45	1106	0	112.6	.
74	1476	0	127.943	.
153	419129	0	101.341	.
752	519856	0	359.835	.
1602	7167045	0	20.5515	.
1603	7167315	0	5.3463	.
1601	7167043	0	4.19946	.
1604	7167317	0	15.4263	.
754	519948	0	79.1223	.
184	441111	0	44.5704	.
80	1601	1	226.352	.
636	514914	1	234.077	.
84	1737	0	207.946	.
944	1291088	1	19.0146	.
927	1173956	1	20.3859	.
928	1173994	1	50.0944	.
943	1291084	1	52.6501	.
12	523	0	368.07	.
160	432107	0	4.62874	.
272	470609	0	65.4951	.
230	446856	0	50.0299	.
545	508740	0	17.5504	.
641	515056	1	38.5366	.
1147	2629943	0	6.6939	.
1146	2629942	1	0.778057	.
844	736411	0	0.145203	.
841	735997	1	3.0107	.
843	736409	0	3.87311	.
842	735999	0	0.391722	.
1000	1666578	0	0	.
1421	6448148	0	14.4518	.
1423	6448151	0	25.5564	.
717	518705	1	48.7367	.
159	431835	0	72.6115	.
786	522102	0	290.87	.
548	508879	1	346.834	.
69	1399	1	1.14645	.
1238	3994841	0	5.85811	.
903	1028200	1	1.2907	.
904	1028538	0	1.378	.
905	1028618	0	3.94101	.
902	1028120	0	0.269702	.
651	515457	1	34.9589	.
589	512199	1	138.414	.
1073	2108957	0	1.68036	.
1566	7109213	1	12.9846	.
1563	7109066	1	9.21626	.
1565	7109210	1	0.868234	.
1564	7109069	1	5.34266	.
563	510117	1	6.2886	.
257	465433	1	0.41522	.
891	966293	1	4.9689	.
398	495596	0	76.4394	.
560	510028	0	287.987	.
1239	4039524	1	1.52169	.
1443	6520787	1	2.30044	.
682	516840	0	9.29416	.
19	626	1	29.7265	.
1110	2301307	1	11.6113	.
1018	1797432	1	0.907717	.
1016	1797427	1	1.29411	.
1017	1797430	0	0.127584	.
315	482850	1	33.0434	.
177	439146	1	8.24874	.
155	431200	1	1.18543	.
667	516421	0	145.511	.
186	441193	1	56.7684	.
105	283979	0	20.6158	.
1069	2100857	0	1.28007	.
941	1279402	1	2.41183	.
1070	2100882	0	4.6591	.
130	335435	0	2.4499	.
225	446619	0	57.1047	.
649	515416	0	169.745	.
672	516554	1	256.89	.
363	490921	0	213.482	.
1311	5045819	1	1.91406	.
1312	5045837	1	2.47374	.
1345	5667847	0	0.024792	.
67	1365	0	151.333	.
255	464939	0	3.49496	.
1342	5558541	0	0.792376	.
1101	2275196	1	2.99918	.
1012	1720280	0	11.4162	.
1102	2275197	0	9.99858	.
1013	1720281	1	11.8415	.
498	505755	1	142.493	.
692	517366	0	242.646	.
624	514399	0	5.95015	.
1279	4667012	0	18.3428	.
1293	4725868	1	16.6371	.
1295	4725876	1	3.19837	.
1280	4667020	0	14.3965	.
1294	4725870	0	7.4457	.
1281	4667022	0	7.17111	.
837	727725	1	11.2285	.
815	687034	1	23.2162	.
764	520366	1	4.80464	.
836	727724	0	11.7012	.
816	687035	0	6.34349	.
1243	4053460	0	0	.
1157	2683313	0	2.03127	.
1156	2683312	0	9.82814	.
193	441733	1	8.11058	.
204	444062	1	30.0456	.
440	501102	0	3.82282	.
473	503602	0	14.4165	.
671	516552	1	115.97	.
707	518203	0	8.06239	.
552	509414	1	3.14272	.
373	492002	0	5.23087	.
236	450771	0	15.0222	.
762	520300	1	15.0742	.
527	507409	1	177.972	.
185	441140	1	68.2431	.
501	506017	0	20.7586	.
1445	6581882	1	1.5167	.
1446	6582232	1	5.12304	.
524	507208	0	64.6738	.
490	505192	1	121.864	.
213	445953	0	39.8951	.
685	517146	0	113.107	.
729	519179	0	11.1409	.
869	841899	1	22.6195	.
868	839868	1	22.3421	.
866	839865	1	28.0211	.
870	841900	1	68.9679	.
420	498066	1	127.104	.
282	472233	1	19.867	.
506	506363	0	1.45412	.
1305	4916065	1	0.651457	.
1303	4883517	1	12.5117	.
1304	4916024	1	17.1939	.
1626	7206010	0	2.75592	.
1627	7206015	0	3.53174	.
37	899	0	48.7501	.
71	1455	0	43.2989	.
154	426789	0	2.91937	.
196	442101	0	9.32939	.
51	1194	1	41.464	.
127	312127	0	75.3353	.
480	504159	1	37.3226	.
419	497893	1	52.5876	.
446	501834	1	3.67648	.
921	1167185	1	5.54312	.
439	501006	0	0	.
1389	6300648	1	29.8759	.
367	491013	0	111.05	.
455	502735	0	19.2216	.
1624	7204968	0	7.99444	.
1625	7204969	1	0.146463	.
946	1313846	0	3.66297	.
947	1313910	0	4.91071	.
429	498725	0	12.6448	.
377	492068	1	632.86	.
54	1224	0	468.594	.
361	490870	1	7.67126	.
1186	3126598	1	78.3795	.
1021	1859020	1	59.3815	.
1020	1859001	1	38.6183	.
1185	3126579	1	49.8721	.
537	507803	0	215.986	.
319	482959	1	3.18461	.
790	524489	1	0.841903	.
1284	4670744	1	0.196367	.
612	513576	1	733.489	.
603	513021	0	1255.02	.
290	475825	0	204.494	.
405	496374	0	37.5102	.
1659	7438615	0	11.4017	.
1658	7438614	0	2.32948	.
660	516031	0	78.9528	.
471	503457	0	61.8851	.
1169	2808709	0	0.432165	.
1085	2141894	1	8.94005	.
1086	2141897	0	8.23055	.
1170	2808714	1	6.88137	.
1171	2808717	0	7.5978	.
907	1044601	0	7.55923	.
908	1048068	0	11.772	.
574	511262	1	266.958	.
731	519276	0	67.7662	.
1584	7143280	0	23.5247	.
778	521625	1	60.3062	.
781	521903	1	60.3205	.
489	505191	0	232.213	.
1441	6509822	0	7.43622	.
1427	6474849	0	7.1505	.
1426	6474848	0	7.72285	.
1442	6509823	0	7.97909	.
673	516562	0	3.37302	.
418	497856	1	57.1829	.
61	1302	0	0	.
1003	1668587	0	20.0298	.
1002	1668586	1	14.6108	.
1001	1668578	1	7.58116	.
400	495917	0	12.9665	.
587	512187	1	29.7969	.
1434	6496541	0	13.6539	.
1435	6496542	0	0.231421	.
1275	4640670	0	0	.
1638	7210581	1	15.3676	.
304	481266	0	37.2915	.
14	557	0	177.061	.
138	372452	0	1.15445	.
1492	6838441	1	5.65279	.
1491	6838440	0	3.65411	.
1493	6838460	0	38.9103	.
277	471469	1	329.99	.
210	445742	1	338.927	.
756	520126	1	0.650453	.
1097	2260007	0	6.42812	.
1084	2139915	1	1.96005	.
1096	2259947	0	4.62751	.
378	492097	0	8.71017	.
661	516103	0	1.52511	.
223	446320	0	184.332	.
301	480969	0	244.621	.
1484	6781667	1	38.8038	.
1481	6781662	0	6.28904	.
1482	6781663	0	20.761	.
1483	6781666	0	16.5121	.
625	514463	0	6.75452	.
720	518745	1	43.3179	.
833	716328	1	3.38678	.
834	716385	1	1.96836	.
1267	4541929	0	0.686082	.
1141	2546193	0	1.43781	.
656	515591	1	29.8852	.
424	498385	1	10.3497	.
1424	6459612	1	4.83563	.
737	519451	1	721.909	.
32	779	1	118.012	.
33	812	0	209.387	.
250	463452	1	3.40448	.
740	519535	1	78.1073	.
485	504544	1	1.43165	.
1581	7135087	1	13.3	.
961	1365957	0	0	.
1071	2108943	1	21.3197	.
249	463350	1	9.56898	.
1108	2301293	0	6.06665	.
621	514211	1	98.505	.
120	294374	1	84.6664	.
411	497195	0	47.7857	.
1587	7143602	1	6.87532	.
15	581	1	20.971	.
801	624142	0	47.3018	.
802	624143	0	208.232	.
777	521590	0	43.0219	.
1189	3158437	0	0.236094	.
914	1079299	0	0	.
1409	6371240	0	49.2411	.
1410	6371241	0	20.5607	.
131	335475	0	119.357	.
321	482981	1	195.528	.
1338	5494985	0	3.02917	.
1307	5022619	0	3.3469	.
1337	5494984	0	0.399955	.
1264	4490704	1	2.42325	.
212	445923	0	63.6247	.
611	513554	0	137.459	.
981	1480803	0	89.3925	.
982	1480847	0	86.3648	.
453	502633	1	19.8975	.
1158	2726320	0	49.3847	.
1552	7088372	0	16.4668	.
1550	7088367	1	0.256759	.
262	469736	0	0	.
1371	6176257	0	0	.
1379	6238103	0	8.54741	.
217	446197	1	15.3298	.
116	292019	0	31.1997	.
1416	6388005	0	399.011	.
1413	6387780	0	372.014	.
1414	6387782	1	169.656	.
1415	6388003	1	214.929	.
505	506320	1	34.4548	.
228	446852	0	14.3281	.
1475	6732756	0	247.027	.
1440	6509480	0	219.278	.
1439	6509418	0	213.567	.
1476	6732818	0	238.142	.
922	1167187	0	0.422222	.
637	514968	1	73.4923	.
597	512669	0	25.1147	.
1431	6485172	0	33.4437	.
1437	6502518	1	7.91188	.
1432	6485173	0	26.8337	.
968	1457011	1	40.4611	.
965	1435838	1	36.8259	.
967	1457010	0	16.0849	.
966	1435839	0	19.5961	.
955	1340529	0	43.1492	.
950	1338383	1	38.6406	.
948	1338342	1	0.666506	.
31	772	1	30.7937	.
86	1778	1	50.4839	.
1386	6264089	1	0.908635	.
1383	6261931	0	2.36587	.
1385	6264071	0	5.15364	.
1384	6261949	0	4.66148	.
1116	2359423	0	1.9127	.
1473	6721621	0	1.75995	.
1117	2359424	0	8.05904	.
618	514115	0	6.64078	.
520	507044	0	47.7231	.
135	371366	0	74.645	.
436	500450	1	0.172406	.
554	509475	0	0.333207	.
359	490663	1	435.214	.
665	516378	1	704.208	.
92	232354	1	1.98835	.
1138	2545061	0	3.11649	.
1167	2772425	1	9.86903	.
107	284238	1	6.44998	.
1555	7096148	1	2.09372	.
1556	7096149	1	1.97963	.
1600	7166770	1	1.02762	.
1159	2753788	1	5.96163	.
684	516998	1	4.27354	.
1166	2772424	0	26.6759	.
1160	2753789	0	11.8525	.
295	478837	1	129.671	.
615	513782	1	152.52	.
677	516702	1	38.6897	.
495	505548	0	2.05903	.
46	1119	1	51.2075	.
1242	4043690	0	2.49264	.
1233	3931897	0	0.991121	.
1234	3931914	1	7.75464	.
648	515340	0	18.7245	.
1485	6791289	0	0.350563	.
333	485434	1	26.0563	.
410	497156	1	5.74135	.
1544	7079540	0	0.601138	.
1542	7079450	0	32.3614	.
1144	2604667	0	24.2507	.
1543	7079539	0	5.99117	.
1541	7079449	0	4.05716	.
1145	2604757	0	6.29126	.
580	511741	0	5.50527	.
81	1640	1	56.4233	.
588	512197	0	52.9635	.
998	1618663	1	2.66059	.
999	1618667	1	1.54403	.
718	518723	0	31.577	.
462	503125	0	176.429	.
605	513226	0	76.7983	.
699	517704	1	44.1812	.
646	515217	1	482.868	.
643	515129	0	100.983	.
602	512944	1	20.5277	.
265	469943	0	20.3639	.
860	773409	0	21.4562	.
857	771704	0	19.2472	.
858	771765	0	28.6501	.
859	773408	0	30.5756	.
316	482887	0	2.89384	.
1271	4601012	0	0.402762	.
1270	4600996	1	1.9765	.
1055	2004438	0	1.47533	.
1054	2004422	1	6.86613	.
1056	2004450	1	11.4293	.
1057	2004466	0	0.809113	.
1272	4601024	0	2.25068	.
1273	4601040	1	1.73997	.
72	1465	1	21.3673	.
1150	2668610	0	22.3261	.
1011	1715581	0	19.2433	.
1151	2668659	1	13.1645	.
1010	1715580	1	19.7713	.
533	507525	0	42.9732	.
466	503287	0	19.2984	.
52	1206	1	222.557	.
274	470781	0	25.9197	.
461	503083	1	75.6364	.
104	283226	0	86.9872	.
202	443466	0	11.4856	.
1641	7217460	1	19.9693	.
557	509735	0	6.5013	.
1568	7110694	1	15.1389	.
633	514837	0	11.1496	.
1569	7110697	1	23.2564	.
108	284776	0	0	.
1098	2273711	1	5.29935	.
1080	2135725	0	5.19363	.
1079	2135701	0	0.414166	.
1081	2135727	0	0.00191486	.
584	511946	0	1.21438	.
219	446268	0	25.5364	.
1567	7110138	0	6.24673	.
433	499107	1	23.5057	.
980	1478532	1	1.29924	.
979	1478495	0	1.18736	.
978	1478450	0	0.856234	.
558	509763	1	40.7566	.
181	440050	0	46.1894	.
55	1225	0	117.557	.
539	507966	1	92.9613	.
1165	2772060	1	0.571057	.
1162	2757858	1	0.408476	.
1161	2757801	0	0.122652	.
1467	6715042	1	0.673582	.
1465	6698755	0	0.347915	.
1464	6698754	1	1.97607	.
1468	6715043	1	3.1098	.
83	1675	1	517.189	.
330	484484	0	23.5198	.
340	486491	0	41.8355	.
329	484374	1	43.5499	.
1369	6176161	0	2.44128	.
1368	6176160	0	14.8982	.
863	796639	0	11.0377	.
408	496561	1	25.5335	.
942	1279426	0	0	.
1208	3494229	1	3.31615	.
1291	4725791	1	2.50508	.
1292	4725835	1	3.34675	.
1207	3494185	1	3.37362	.
1109	2301294	1	1.4709	.
1074	2108958	1	23.8771	.
1111	2301308	0	1.13846	.
1072	2108944	1	8.88206	.
741	519537	1	57.3964	.
376	492056	0	50.5868	.
192	441606	0	359.686	.
728	519095	0	319.683	.
1333	5487686	1	31.8462	.
1314	5046180	1	20.4851	.
1313	5046159	1	15.2797	.
1334	5487706	1	12.7183	.
42	1048	0	66.1286	.
1656	7402504	0	1.335	.
1657	7402506	0	0.974667	.
668	516443	1	99.7719	.
1632	7209604	0	5.77757	.
1633	7209605	0	6.98297	.
1634	7209618	1	9.56107	.
878	896414	0	0.0752003	.
206	444629	0	0.263688	.
1622	7192068	1	21.2717	.
87	1829	1	71.7485	.
297	479546	0	7.60951	.
44	1065	1	498.531	.
562	510070	1	240.696	.
626	514467	1	28.961	.
622	514318	0	384.933	.
644	515130	1	434.886	.
465	503286	1	0.792603	.
1605	7169352	0	4.33229	.
1606	7169354	0	3.893	.
1607	7169355	0	2.94467	.
789	522247	0	79.3633	.
372	491902	0	60.0648	.
619	514180	1	175.307	.
216	446190	1	64.1353	.
256	465179	0	0.136042	.
1515	6990142	1	16.8257	.
1516	6990145	1	23.5222	.
1425	6474426	1	24.716	.
1430	6480915	1	14.6092	.
1429	6480912	0	4.46982	.
56	1230	0	1.63856	.
1095	2230682	0	0.0551886	.
536	507727	1	123.538	.
175	439041	1	40.7721	.
365	490956	0	21.5757	.
1075	2114046	0	8.23472	.
1205	3493784	1	6.67465	.
1206	3493785	1	2.11384	.
1076	2114047	0	2.86175	.
382	492469	0	44.5886	.
381	492379	0	109.237	.
95	269353	1	148.64	.
94	268798	0	93.2484	.
28	746	0	110.487	.
266	469949	1	76.3651	.
150	377838	0	0	.
286	474808	1	79.1232	.
75	1492	1	331.211	.
343	486680	0	49.543	.
1448	6587421	0	0.868508	.
1447	6587420	1	0.865332	.
704	517967	0	138.617	.
511	506529	1	71.4924	.
772	521215	1	35.467	.
491	505314	0	19.9643	.
991	1590504	0	7.97564	.
1127	2488089	0	4.20991	.
1126	2488088	0	5.3786	.
1173	2890832	1	21.7166	.
647	515291	0	1.20479	.
1043	1975993	1	6.62308	.
1042	1975992	0	0.596154	.
358	490652	0	26.9983	.
234	450388	1	11.2641	.
592	512459	0	0.364756	.
1455	6642745	1	1.4321	.
430	498726	0	188.664	.
366	490997	0	60.5994	.
847	742240	1	11.1078	.
845	742078	1	7.93988	.
288	475749	0	11.8335	.
1367	6171887	0	9.10507	.
1366	6171886	0	8.92183	.
1382	6253646	1	0.161998	.
848	742245	0	3.92142	.
846	742083	1	2.20424	.
1	333	1	216.242	.
327	483641	1	0.0740128	.
141	375534	0	0	.
412	497356	1	151.808	.
634	514862	1	87.8285	.
136	372173	0	20.339	.
1343	5614248	0	12.2161	.
1344	5614278	1	21.8567	.
1321	5137938	1	11.5423	.
1322	5137968	0	5.14005	.
821	710599	0	0	.
1217	3728333	0	4.50648	.
1210	3638944	0	1.73912	.
1211	3638975	1	8.34623	.
1216	3728302	1	11.807	.
139	372527	1	3.70109	.
613	513601	1	47.8118	.
886	921277	1	10.8865	.
1199	3400687	1	1.62428	.
1202	3429225	1	1.50075	.
100	281686	0	0	.
1350	5762126	0	3.73193	.
387	493738	0	4.69833	.
798	599008	1	153.751	.
733	519308	0	12.1836	.
799	599009	1	60.8796	.
124	301750	1	23.4082	.
493	505498	0	13.5793	.
690	517342	0	21.5219	.
350	487296	1	18.9197	.
176	439044	0	20.0602	.
416	497634	1	13.2832	.
182	440914	0	4.26073	.
1187	3152506	0	1.28415	.
1077	2121602	0	5.64518	.
207	445083	1	5.60421	.
1078	2121604	1	9.99494	.
1188	3152516	0	10.4848	.
1370	6176256	0	9.05163	.
356	488672	0	114.235	.
299	480670	0	95.9546	.
631	514630	0	0	.
1474	6728652	0	21.4073	.
352	487776	1	46.3721	.
322	483005	0	62.8682	.
1328	5297920	1	34.0762	.
1339	5556236	1	4.22407	.
1340	5556237	1	1.59622	.
1327	5297898	1	0.182277	.
1562	7102654	1	11.4059	.
664	516239	1	0.0888964	.
663	516178	0	147.275	.
391	493858	1	71.0733	.
835	726985	0	0	.
854	767674	0	0	.
856	767798	0	0.0312994	.
855	767709	0	0.0488731	.
936	1212313	1	3.60192	.
930	1202567	0	3.60192	.
1009	1698817	1	1.34067	.
986	1507331	0	0.354198	.
985	1507317	0	3.16056	.
1008	1698803	0	0.872298	.
1040	1970499	0	0	.
1041	1970520	0	0	.
1048	1986941	0	0	.
1049	1986962	0	0	.
1183	3103311	0	5.95108	.
1140	2545090	0	8.48975	.
1139	2545063	0	3.75832	.
1184	3103338	0	1.88957	.
1164	2771997	0	0	.
1180	3059051	0	0	.
1215	3696138	1	0.798668	.
1214	3696069	1	5.45753	.
1209	3583815	1	4.62824	.
1250	4215003	0	0	.
1274	4632770	0	0	.
1283	4670731	0	0.10729	.
1277	4657423	1	1.13299	.
1316	5093581	0	1.95702	.
1355	5910982	0	3.01221	.
1315	5093568	1	1.80985	.
1356	5910995	1	0.751133	.
1323	5249724	0	0	.
1329	5436525	0	0	.
1359	5984137	0	0	.
1373	6179288	0	1.62145	.
1372	6178474	0	3.59938	.
1406	6362519	0	0	.
1533	7033328	0	0.784657	.
1509	6971984	1	0.445451	.
1532	7033264	1	0.221187	.
1511	6972048	0	0.499907	.
